"Barvinok_SkoshenyiTsvit" "Cherniavskyi_VaeVictis" "Fedkovych_Farmazony" "Franko_BoaConstrictor" "Franko_PerekhresniStezhky" "Franko_ZakharBerkut" "Hrinchenko_BratNaBrata" "Hrinchenko_PidTykhymyVerbamy" "Hrinchenko_SeredTemnoiNochi" "Iatskiv_Blyskavytsi" "Kashchenko_BortsiZaPravdu" "Kashchenko_PidKorsunem" "Kashchenko_ZDnipraNaDunai" "Khotkevych_KaminnaDushia" "Kobylianska_Liudyna" "Kobylianska_VNediliuRanoZilliaKopala" "Kobylianska_Zemlia" "Konyskyi_BabaIavdokha" "Konyskyi_KhvoraDusha" "Konyskyi_SemenZhuk" "Koroliv_Chmelyk" "Kotsiubynskyi_TiniZabutykhPredkiv" "Krymskyi_NePorozumiiutsia" "Kulish_ChornaRada" "KulishBilozerska_NeBuloZmalku" "Kvitka_KonotopskaVidma" "Kvitka_KozyrDivka" "Kvitka_SerdeshnaOksana" "Levytskyi_HetmanIvanVyhovskyi" "Makovei_KlopotySavchykhy" "Martovych_Zabobon" "Mordovets_DviDoli" "Myrnyi_Durnytsia" "Myrnyi_KhibaRevutVoly" "Myrnyi_LykhyiPoputav" "Nazaruk_KniazYaroslavOsmomysl" "Pchilka_Tovaryshky" "Romanova_Akula" "Storozhenko_MarkoProkliatyi" "Teslenko_StracheneZhyttie" "Ukrainka_NadMorem" "Ukrainka_Pryiazn" "Ukrainka_Zhal" "Vorobkevych_MestChornohortsia" "Vovchok_DeviatBrativ" "Vovchok_Instytutka" "Vovchok_Kozachka" "Vovchok_VidSebeNeVtechesh" "Vynnychenko_ZapyskyKyrpatohoMefistofelia"
"Barvinok_SkoshenyiTsvit" 0 1.03577699634078 1.0929783366472 0.931345314279912 0.842086301243604 0.797951546048003 1.07141985657319 0.945388901836145 0.958733144088707 0.914086615917518 0.900710686908507 0.924688480282044 1.02596137573179 0.837529074886288 0.848986831320365 0.918368344345581 0.923801271271769 1.04288264989232 1.10645292655046 0.892581954454283 0.984447361912223 0.960382822108846 1.02355082703398 0.961199804647639 1.07612851226598 1.18158057100846 1.16194985968749 1.07854775498211 0.996409312577801 1.10988435906005 0.93572158711569 0.852672539520145 1.08320484816108 0.874247228734843 1.10073419744957 0.874072262133806 0.903268642298295 1.04330617433733 0.914091534085157 1.24770231615931 0.999689218794224 0.887183756816604 0.968995458130611 1.03658949569963 1.04756383630346 1.10986692714113 1.13457068930021 1.06233046932015 1.05703316225247
"Cherniavskyi_VaeVictis" 1.03577699634078 0 1.16896964282655 0.980946195236097 0.920646832241184 0.936553888799535 0.805084511717118 0.889022674263038 0.769420806725739 1.13003514732605 0.940770583837145 0.864019045232726 0.987231949031495 0.903400912357476 1.08725596250572 1.06751080951959 0.933138197831299 1.01467400973446 1.12961517152735 0.920296049456379 0.970875554439992 1.01333135723722 0.921346547155284 0.955257855859477 1.15779302615211 1.10232841219541 1.0366583886953 1.16905859632055 1.05893983539863 1.14311276390982 0.970873969911846 0.903464588856679 0.974685442045425 0.801989700071478 1.1615203691483 1.05316666157393 0.926014248649908 1.07989669695298 0.927020260599235 1.13115528797004 1.09611789672171 1.03352594876116 1.11226540560174 1.05401697799954 1.04206585660803 1.11399836811913 1.22173956579773 1.07301713319938 0.99073016407035
"Fedkovych_Farmazony" 1.0929783366472 1.16896964282655 0 1.16904725784557 1.01651479417301 1.08433481174887 1.18820241174368 1.08668587790953 1.1409407743864 1.12189504109142 1.17933968081816 1.17169007176473 1.21921325154973 1.01439444363491 1.18192886065707 1.22259102038052 1.16264077241023 1.18797013047186 1.24166797214628 1.08016666762123 1.07152731493772 1.23534353727552 1.20198409531758 1.00859416827927 1.27516688035426 1.16130082883417 1.1159740123364 1.24477382828154 1.21582552334197 1.09102573476672 1.03844187012372 1.04436462782064 1.10056893901681 1.0609179237436 1.23867133971552 1.15880105694014 1.07317701797382 1.32473141895398 1.07169945804312 1.31475084826061 1.16430171363738 1.13547188963012 1.18823414355649 1.11576402369745 1.15793660154924 1.17064433739702 1.17698449814578 1.26284912288606 1.28795747388823
"Franko_BoaConstrictor" 0.931345314279912 0.980946195236097 1.16904725784557 0 0.766993130465893 0.791334752077227 0.974816257279111 1.00739923164267 0.958165115972494 0.921503123125083 0.987915541018857 0.935207052465191 1.00219084540322 0.858093002855169 0.909826030818457 0.948540557292072 0.858081787319516 1.15528023228162 1.25523458824742 1.00176860903178 0.968593697708676 0.864506361440764 1.01081406951913 1.06942443503257 1.25187783303439 1.18787742779978 1.17921947679238 1.27393862066878 1.06558337450434 1.12759071530305 0.918768453871607 0.907602625186863 1.13739361686211 0.907001594068713 1.24219789684104 0.782918236462028 0.94269592521465 1.14780837098934 0.996182336079882 1.2665101560661 1.02885742907482 0.940172143362478 1.05149093321535 1.02815289304049 1.08067519269739 1.24223182183466 1.35243863926879 1.17611767510952 1.06097548663687
"Franko_PerekhresniStezhky" 0.842086301243604 0.920646832241184 1.01651479417301 0.766993130465893 0 0.68274359829217 0.964581181449205 0.96496970648052 0.930133217989199 0.823771339356465 0.954034308443555 0.916244853137389 1.04939150194011 0.783795960937629 0.779893087291527 0.998439477111428 0.836772896614477 1.02362173043531 1.16455255484864 0.828310962361545 0.807981710748154 0.950206689071751 0.934689013480814 0.932515902045764 1.18656256367227 1.07469911119904 1.07094133862779 1.18794888682084 1.04387458366913 1.00454951457906 0.77520829038759 0.929659036517993 0.945786342364054 0.925280164481722 1.19445548370453 0.807502873938542 0.80535953239069 1.04445009887473 0.967221494349365 1.23668719362445 0.896793697281419 0.898809443950022 0.900635215729282 1.08371997310139 1.08080191872198 1.09086242551592 1.19353986670256 1.10777926611484 0.899190452405424
"Franko_ZakharBerkut" 0.797951546048003 0.936553888799535 1.08433481174887 0.791334752077227 0.68274359829217 0 0.953350563985213 0.99001579079677 0.955654930863056 0.922579493506479 0.808698722777865 0.831564309739325 0.938557437771511 0.848005106037294 0.905934387298095 0.932019265297224 0.864945194941485 1.05585703295209 1.18899249696678 0.922132362697522 0.933310495611308 0.897917507493621 1.02907950232062 0.904334631679545 1.12913110828337 1.10337849856275 1.12436847072122 1.19807663583289 0.945306167592181 1.15562360942606 0.901750650820104 0.83910999168373 1.06046979367587 0.906030787685175 1.19788802374851 0.725887447248673 0.921433761647363 1.12900128636632 0.862661185493488 1.21966866603908 0.998429976926623 0.97002034147772 1.05916429537218 0.959883487204118 1.04663579677717 1.18104095795361 1.22101807968168 1.19263671829469 1.03082050013624
"Hrinchenko_BratNaBrata" 1.07141985657319 0.805084511717118 1.18820241174368 0.974816257279111 0.964581181449205 0.953350563985213 0 0.811845357800398 0.719019934179737 1.13132824179838 0.934260428232696 0.883979483431495 0.917568565697542 0.976331099699438 1.1805889091044 1.13793406262223 1.02744146673691 1.05630191683866 1.20993993436786 0.963208625156355 0.881104441915496 0.980077402068863 0.974500161931548 0.979340514372724 1.14660794501984 1.15230537640652 1.06769720566659 1.19566144414165 1.04173567791184 1.20756131904585 1.01785598530811 0.924222750620471 1.01060083878917 0.827738263765578 1.11836438629942 1.06468180169181 0.90569815390168 1.10532910488451 0.914512333514489 1.12494292660289 1.03023569622999 0.979532299864124 1.04237640817498 1.09704950770183 1.05153940643242 1.16725597688761 1.26214544685189 1.14649932793434 0.945308306646611
"Hrinchenko_PidTykhymyVerbamy" 0.945388901836145 0.889022674263038 1.08668587790953 1.00739923164267 0.96496970648052 0.99001579079677 0.811845357800398 0 0.500344072403887 1.14648358586352 0.986433974147196 0.885259689055577 1.02452462691597 0.881471814139658 1.03783984160538 1.07127377715062 0.937108720500466 0.886339303309025 1.00852969209522 0.842008990485079 0.956170040270362 1.05928749033066 0.88708123012807 0.824108942243124 1.052992288781 1.00887536802272 0.907271855977062 1.01597753789512 1.03953385761859 1.00968593920804 0.93138725730612 0.948022001452158 0.850958404858724 0.73669132562336 0.978108440059507 1.0640351660303 0.862776513839427 1.04683788703622 0.922478636301265 1.05036325710672 1.07201348382164 0.914636931076384 0.963550413344705 1.13164428852633 0.985122657744203 0.956545911949575 1.0952478957855 0.959980022812158 1.0065262673656
"Hrinchenko_SeredTemnoiNochi" 0.958733144088707 0.769420806725739 1.1409407743864 0.958165115972494 0.930133217989199 0.955654930863056 0.719019934179737 0.500344072403887 0 1.12810644761867 0.85946746421048 0.780107217444145 0.918536538339834 0.832826010090246 1.04885606407784 1.05600795750529 0.932131818773525 0.955980968791231 1.05095909173795 0.839642805505459 0.884454019584207 0.976267636529291 0.827316223122649 0.863714379403632 1.0419683888151 0.996928771730951 0.907042074008389 1.02595467275074 0.955834752714513 1.00957452849587 0.882570048097778 0.917525194015385 0.90424779972182 0.719196205395787 1.00901087146929 0.983607118245538 0.849371317202575 1.05941571016668 0.904781812964538 1.01326424567604 0.991015200466767 0.86504985544155 0.975913154312608 1.10001566307787 0.965202540416579 1.0087554599562 1.1348800306313 0.992518110332073 0.950379233547774
"Iatskiv_Blyskavytsi" 0.914086615917518 1.13003514732605 1.12189504109142 0.921503123125083 0.823771339356465 0.922579493506479 1.13132824179838 1.14648358586352 1.12810644761867 0 1.08702231846032 1.07734728692205 1.21059634987976 0.915630881142261 0.785923436814573 0.989402746598211 0.896015029308616 1.14191363698577 1.28277966331938 0.990800626013402 0.935730143889314 0.996846429526916 1.09285260777735 1.11657080345557 1.25780898082561 1.27503274011086 1.29404332697961 1.24006653282037 1.12300282735836 1.15208661437025 0.94054047560825 1.08777337308859 1.17174615448556 1.10114070509796 1.24760122329554 0.909430126379341 0.980725638709782 1.06552828718673 1.08877487972941 1.3248215778775 0.93982946826871 0.979560806195752 0.964002455359609 1.17304109534601 1.17413269358965 1.19634762949528 1.28021845588394 1.20281651579868 0.952526526157389
"Kashchenko_BortsiZaPravdu" 0.900710686908507 0.940770583837145 1.17933968081816 0.987915541018857 0.954034308443555 0.808698722777865 0.934260428232696 0.986433974147196 0.85946746421048 1.08702231846032 0 0.479628318957461 0.639004201507246 0.918780812807072 1.06044933818574 1.07664005839824 1.02727344097283 1.06985175903073 1.1195573246067 0.975863032470205 0.912638574510826 0.907260365849978 1.00374094439979 0.930929077654375 1.13944659573685 1.08083512927645 1.12977439661983 1.13834598467582 0.851851056647219 1.21835936619493 1.0218584974632 0.807842412955903 1.05585892784652 0.893649363876022 1.12103524503551 0.880340751611274 0.961787838802773 1.17443885430911 0.83566674249884 1.17239028216279 1.04288984115085 0.982901916890604 1.11444325135381 1.07536704700248 1.01532316794434 1.13129659837325 1.24077332045589 1.14860460116275 1.05123040656126
"Kashchenko_PidKorsunem" 0.924688480282044 0.864019045232726 1.17169007176473 0.935207052465191 0.916244853137389 0.831564309739325 0.883979483431495 0.885259689055577 0.780107217444145 1.07734728692205 0.479628318957461 0 0.647834769665325 0.874106385621387 1.04422823390653 1.04240387944522 0.952712971047883 1.06155275076832 1.10573327752061 0.921183087349987 0.864430856310716 0.903957885678801 0.931038083871879 0.899784552680368 1.11262600231309 1.06175644441711 1.07915693195333 1.10792730562794 0.860505533177973 1.16110704681846 0.95967913465492 0.7895601610892 1.00163518882076 0.827255163805037 1.12450840348766 0.869674619594335 0.910309298122006 1.11749570236081 0.829199307518928 1.16613578259447 1.02738045448794 0.930637968529163 1.05481162724125 1.04177580436764 0.993382868936387 1.10215792415023 1.17957403896596 1.11607969917909 1.01449408133944
"Kashchenko_ZDnipraNaDunai" 1.02596137573179 0.987231949031495 1.21921325154973 1.00219084540322 1.04939150194011 0.938557437771511 0.917568565697542 1.02452462691597 0.918536538339834 1.21059634987976 0.639004201507246 0.647834769665325 0 0.973432936625748 1.18923811526759 1.1866091473635 1.13112692377675 1.1093473025809 1.22426754655272 1.02608695889702 0.914971916373118 0.918282531383278 1.03096613566233 1.00044834664605 1.17296457201259 1.1138552067631 1.17207542784136 1.23515681414581 0.93312724341185 1.30621774578817 1.10485544961592 0.809742225057063 1.10631563723461 0.922205954367969 1.20252882146826 0.898659035333255 0.999134295360989 1.19914956112801 0.879844853301263 1.18797227166226 1.08729048296477 1.05340223105921 1.19159313118158 1.09134402543824 0.980374201887752 1.20982956066131 1.29286450189561 1.23841355722024 1.12708789654975
"Khotkevych_KaminnaDushia" 0.837529074886288 0.903400912357476 1.01439444363491 0.858093002855169 0.783795960937629 0.848005106037294 0.976331099699438 0.881471814139658 0.832826010090246 0.915630881142261 0.918780812807072 0.874106385621387 0.973432936625748 0 0.892329550059901 0.916876034711512 0.798808534731161 0.988851736795755 1.08589722665465 0.905004368357164 0.922738441060777 0.827437201884129 0.924412376053506 0.906531866656202 1.04218132097031 1.0175729621412 1.0634964055556 1.08568822993313 0.939897090370656 0.983704935597893 0.844898343944842 0.804163136344071 1.01489036130345 0.801379182460827 1.06445560386941 0.932231593017521 0.815120250514657 1.01454416846376 0.916022993257627 1.14242667089013 0.96748014289777 0.799920445720165 0.924030999964329 0.938910722461059 0.972368320542497 1.02443697508647 1.1084005516967 1.03213110423275 0.952415031762924
"Kobylianska_Liudyna" 0.848986831320365 1.08725596250572 1.18192886065707 0.909826030818457 0.779893087291527 0.905934387298095 1.1805889091044 1.03783984160538 1.04885606407784 0.785923436814573 1.06044933818574 1.04422823390653 1.18923811526759 0.892329550059901 0 0.927959636046295 0.77991390850349 1.12111428246621 1.19710662766239 0.971809700562244 1.04359166449967 1.04124184856814 0.99927011271635 1.0899259360841 1.26397410154554 1.22348630531618 1.25635027900714 1.17078604699896 1.06781447820411 1.09581924186405 0.905710348686023 1.04536315472088 1.12179057022042 1.0320555101665 1.21503571691613 0.955302689736104 0.907892326532704 1.01858286904514 1.07573443605519 1.27713038956227 0.982141230907509 0.874577508716285 0.896972590290793 1.1804986710536 1.10579953838658 1.15694220239711 1.25532894644023 1.17225207814821 0.902913792309043
"Kobylianska_VNediliuRanoZilliaKopala" 0.918368344345581 1.06751080951959 1.22259102038052 0.948540557292072 0.998439477111428 0.932019265297224 1.13793406262223 1.07127377715062 1.05600795750529 0.989402746598211 1.07664005839824 1.04240387944522 1.1866091473635 0.916876034711512 0.927959636046295 0 0.700349359266767 1.07379836729456 1.16729014105977 1.01891844753391 1.09124077900548 0.983027259014491 1.0340974174602 1.03317228808054 1.15700354432516 1.18601541226152 1.20413429415082 1.12986557030128 1.07353145651695 1.16445343668881 1.02876397724942 0.946893582704584 1.12390924364777 0.91788885315162 1.12189107156513 0.988216567813435 0.99716164233972 1.16290384731891 1.00279055828337 1.28427653679001 1.1409894858978 0.913305160006535 1.06726650075489 1.07437577058859 1.09876151242938 1.1447814328924 1.23112395661808 1.08047092772908 1.0846876648442
"Kobylianska_Zemlia" 0.923801271271769 0.933138197831299 1.16264077241023 0.858081787319516 0.836772896614477 0.864945194941485 1.02744146673691 0.937108720500466 0.932131818773525 0.896015029308616 1.02727344097283 0.952712971047883 1.13112692377675 0.798808534731161 0.77991390850349 0.700349359266767 0 1.08973164486904 1.15492244644854 0.97742463651443 1.05507093392282 0.956960196864406 0.986568468917084 1.03528843346938 1.18641267659519 1.20852193875093 1.18757143297407 1.15247757335555 1.08354835228105 1.00415410828509 0.822142777673454 0.94214273381207 1.0931859572088 0.867934405270666 1.15022552238727 0.878241136798762 0.97350523229126 1.13949579111895 1.02195479615761 1.24286289273755 1.0795193846825 0.899524141744849 1.02072259074964 1.03515221385047 1.078842837631 1.15556549469469 1.23046004090027 1.09028144733465 1.07176870166348
"Konyskyi_BabaIavdokha" 1.04288264989232 1.01467400973446 1.18797013047186 1.15528023228162 1.02362173043531 1.05585703295209 1.05630191683866 0.886339303309025 0.955980968791231 1.14191363698577 1.06985175903073 1.06155275076832 1.1093473025809 0.988851736795755 1.12111428246621 1.07379836729456 1.08973164486904 0 0.828392927200901 0.816318526376236 1.01261116692991 1.04608220817702 0.990301749316925 0.900178008764138 1.0114153733818 1.03160388703558 0.989524950334754 1.00919806719577 1.10500267949674 1.11332798551665 1.11625591800407 0.959835142985906 0.922995040147479 0.870563377072016 0.976339780568379 1.17470056194615 0.956533596669365 1.03580753444595 0.947023860256305 1.13320066583425 1.05183575550822 0.987056682142408 1.03820207978497 1.18296823230526 1.0473348560368 0.900693898803388 1.04315569678079 1.02506670962297 1.02157468295083
"Konyskyi_KhvoraDusha" 1.10645292655046 1.12961517152735 1.24166797214628 1.25523458824742 1.16455255484864 1.18899249696678 1.20993993436786 1.00852969209522 1.05095909173795 1.28277966331938 1.1195573246067 1.10573327752061 1.22426754655272 1.08589722665465 1.19710662766239 1.16729014105977 1.15492244644854 0.828392927200901 0 0.966480882857934 1.14983744830245 1.17499415639902 1.08571107761026 0.972712965504388 0.979611314299858 1.08177303792559 0.998896883430002 1.04260369876383 1.17119585177004 1.14457539254601 1.19967566899792 1.03451257346947 1.01502212987655 0.958961878440943 0.9999237595767 1.29576418205546 1.09575883399431 1.18418960892197 1.01249052401678 1.14258722607701 1.17340529544476 1.06837739798975 1.16771559427004 1.20612332975521 1.10927192406884 0.945791341764114 1.06108373149302 1.01233526608803 1.14372498219421
"Konyskyi_SemenZhuk" 0.892581954454283 0.920296049456379 1.08016666762123 1.00176860903178 0.828310962361545 0.922132362697522 0.963208625156355 0.842008990485079 0.839642805505459 0.990800626013402 0.975863032470205 0.921183087349987 1.02608695889702 0.905004368357164 0.971809700562244 1.01891844753391 0.97742463651443 0.816318526376236 0.966480882857934 0 0.920299465308574 0.998408398358215 0.903870660588636 0.812978362435801 0.995478330143442 0.974418654677939 0.942469761369883 0.973888364784596 0.905888661056393 1.04456239450446 0.973069653314661 0.858258385691745 0.863415273396903 0.753576993633455 1.00897514024741 1.01993705330699 0.807260063848385 0.913765867977446 0.839732565439692 1.10225196820281 0.908060342766749 0.92864601502776 0.925196202805137 1.01058693557479 0.954606302796201 0.961638496699286 1.09385343251676 0.934456475145154 0.898871335015538
"Koroliv_Chmelyk" 0.984447361912223 0.970875554439992 1.07152731493772 0.968593697708676 0.807981710748154 0.933310495611308 0.881104441915496 0.956170040270362 0.884454019584207 0.935730143889314 0.912638574510826 0.864430856310716 0.914971916373118 0.922738441060777 1.04359166449967 1.09124077900548 1.05507093392282 1.01261116692991 1.14983744830245 0.920299465308574 0 1.00177909209768 0.928664852627534 1.00738951518225 1.16064073840661 1.11689699318759 1.1134651212854 1.18785477513792 1.04092374790965 1.10189723326846 0.926847037753681 0.962040276157558 1.02630221028097 0.946906889086313 1.14736157920675 0.91595369491812 0.86721921824373 1.07753977298632 0.937057129730354 1.17158116317106 0.925859080847645 0.936604983417851 0.888008125776473 1.13328442494026 1.0310860982874 1.10984569679516 1.26202139165873 1.18498872273757 0.805656038777231
"Kotsiubynskyi_TiniZabutykhPredkiv" 0.960382822108846 1.01333135723722 1.23534353727552 0.864506361440764 0.950206689071751 0.897917507493621 0.980077402068863 1.05928749033066 0.976267636529291 0.996846429526916 0.907260365849978 0.903957885678801 0.918282531383278 0.827437201884129 1.04124184856814 0.983027259014491 0.956960196864406 1.04608220817702 1.17499415639902 0.998408398358215 1.00177909209768 0 0.974244286895391 1.05603160922712 1.09030526456305 1.0425345840503 1.14499217677863 1.15039211269212 0.93425087504922 1.19524302374494 1.05642844105515 0.859558517295346 1.09543306399432 0.868746314792999 1.13178970526042 0.887091562623352 0.938494156861367 1.08108693973784 0.918902255978701 1.11419868309374 0.982786933542828 0.95811157479901 1.09591663245008 1.02515742333249 0.991063472254306 1.09532027813088 1.20768219949265 1.07497963827797 1.00931471739442
"Krymskyi_NePorozumiiutsia" 1.02355082703398 0.921346547155284 1.20198409531758 1.01081406951913 0.934689013480814 1.02907950232062 0.974500161931548 0.88708123012807 0.827316223122649 1.09285260777735 1.00374094439979 0.931038083871879 1.03096613566233 0.924412376053506 0.99927011271635 1.0340974174602 0.986568468917084 0.990301749316925 1.08571107761026 0.903870660588636 0.928664852627534 0.974244286895391 0 0.97616749752395 1.17586271973638 1.07931870910304 1.04247105719611 1.07119309944714 0.968282974974278 1.0944560694361 0.955343604850273 0.950701964934324 0.999498175352856 0.867891213320504 1.12942233661826 1.07894334120494 0.875012703054651 1.0002791491745 0.971252808204746 1.10905292054095 0.950698467591297 0.862095698918769 0.975201026542199 1.1345341516285 0.99995414222169 1.06224906273356 1.18309378963223 1.05062616781593 0.924213487197617
"Kulish_ChornaRada" 0.961199804647639 0.955257855859477 1.00859416827927 1.06942443503257 0.932515902045764 0.904334631679545 0.979340514372724 0.824108942243124 0.863714379403632 1.11657080345557 0.930929077654375 0.899784552680368 1.00044834664605 0.906531866656202 1.0899259360841 1.03317228808054 1.03528843346938 0.900178008764138 0.972712965504388 0.812978362435801 1.00738951518225 1.05603160922712 0.97616749752395 0 0.909807779605091 0.914649882214912 0.899782771754608 1.02035468035077 0.961612913954876 1.12844972495499 1.03393486995564 0.755015862606432 0.853156559482655 0.749514208177854 1.03623957529349 1.09402147498634 0.900719054018057 1.071157974404 0.751701771136133 1.083946660473 1.07853775418977 1.02770234692322 1.09857224538976 0.95855913809409 1.03998013925694 0.865811192128859 1.0223827444803 1.00589629955117 1.05437014222982
"KulishBilozerska_NeBuloZmalku" 1.07612851226598 1.15779302615211 1.27516688035426 1.25187783303439 1.18656256367227 1.12913110828337 1.14660794501984 1.052992288781 1.0419683888151 1.25780898082561 1.13944659573685 1.11262600231309 1.17296457201259 1.04218132097031 1.26397410154554 1.15700354432516 1.18641267659519 1.0114153733818 0.979611314299858 0.995478330143442 1.16064073840661 1.09030526456305 1.17586271973638 0.909807779605091 0 0.995474275326831 1.00136491077622 0.990533315039891 1.12007355286389 1.23590097106322 1.26602100712703 1.01095850805915 1.02265214679016 0.895274934025029 0.908318208800652 1.28188292586942 1.08023122195349 1.09753865259755 0.925185832916071 1.13063003298046 1.10142823599632 1.05929038963894 1.16771682452049 1.11590496575206 1.11415293816593 0.874230595686752 0.995424031707695 1.00951610312527 1.08326567632936
"Kvitka_KonotopskaVidma" 1.18158057100846 1.10232841219541 1.16130082883417 1.18787742779978 1.07469911119904 1.10337849856275 1.15230537640652 1.00887536802272 0.996928771730951 1.27503274011086 1.08083512927645 1.06175644441711 1.1138552067631 1.0175729621412 1.22348630531618 1.18601541226152 1.20852193875093 1.03160388703558 1.08177303792559 0.974418654677939 1.11689699318759 1.0425345840503 1.07931870910304 0.914649882214912 0.995474275326831 0 0.744259498850697 0.876558634503099 0.862642748437718 1.18720561938854 1.14470593008805 0.965773077818091 0.909766559187745 0.963737599216997 1.0795625230903 1.20610359567161 1.0352785002596 1.14882144431603 0.945564371864187 0.857829240367843 1.11338109411047 1.04160607373151 1.15282962733114 1.17341898433992 1.06614263942778 0.981855571110812 1.15955342603103 1.10192464155592 1.12736828907552
"Kvitka_KozyrDivka" 1.16194985968749 1.0366583886953 1.1159740123364 1.17921947679238 1.07094133862779 1.12436847072122 1.06769720566659 0.907271855977062 0.907042074008389 1.29404332697961 1.12977439661983 1.07915693195333 1.17207542784136 1.0634964055556 1.25635027900714 1.20413429415082 1.18757143297407 0.989524950334754 0.998896883430002 0.942469761369883 1.1134651212854 1.14499217677863 1.04247105719611 0.899782771754608 1.00136491077622 0.744259498850697 0 0.787421672315156 1.15809806197674 1.12704152280886 1.12374823618519 1.02430918620314 0.938908257892389 0.934234082034963 1.07802827021089 1.22898013685314 1.0498005033175 1.17815787362944 0.984870328950715 1.06250704308769 1.1603117941582 1.07776188759382 1.10439815315289 1.15947534913237 1.05528649290163 0.961834436229895 1.18040932491664 1.08740945368336 1.15319140152414
"Kvitka_SerdeshnaOksana" 1.07854775498211 1.16905859632055 1.24477382828154 1.27393862066878 1.18794888682084 1.19807663583289 1.19566144414165 1.01597753789512 1.02595467275074 1.24006653282037 1.13834598467582 1.10792730562794 1.23515681414581 1.08568822993313 1.17078604699896 1.12986557030128 1.15247757335555 1.00919806719577 1.04260369876383 0.973888364784596 1.18785477513792 1.15039211269212 1.07119309944714 1.02035468035077 0.990533315039891 0.876558634503099 0.787421672315156 0 1.16381511066771 1.21664531441843 1.21277378969901 1.10067145553879 1.05618656174149 0.944313472097585 1.01590109803647 1.29188053147332 1.0719169084642 1.11180143395974 0.955551380994671 1.1546133617569 1.16371629531127 1.03330389820714 1.07435753643276 1.22774558001203 1.06804610148176 0.973466444381157 1.10750122371496 1.05316517254199 1.11870700227874
"Levytskyi_HetmanIvanVyhovskyi" 0.996409312577801 1.05893983539863 1.21582552334197 1.06558337450434 1.04387458366913 0.945306167592181 1.04173567791184 1.03953385761859 0.955834752714513 1.12300282735836 0.851851056647219 0.860505533177973 0.93312724341185 0.939897090370656 1.06781447820411 1.07353145651695 1.08354835228105 1.10500267949674 1.17119585177004 0.905888661056393 1.04092374790965 0.93425087504922 0.968282974974278 0.961612913954876 1.12007355286389 0.862642748437718 1.15809806197674 1.16381511066771 0 1.26161069049427 1.09772449504913 0.815588533215292 1.07709410528859 0.936634923397178 1.18685190205943 0.987317775100255 0.985227338802609 1.11447287134297 0.866582031945463 0.922763040721229 1.03739691226153 0.946650779690034 1.15526515135652 1.0515768230494 1.04163579265021 1.14467416742387 1.22133893939488 1.16088470473619 1.06911902524531
"Makovei_KlopotySavchykhy" 1.10988435906005 1.14311276390982 1.09102573476672 1.12759071530305 1.00454951457906 1.15562360942606 1.20756131904585 1.00968593920804 1.00957452849587 1.15208661437025 1.21835936619493 1.16110704681846 1.30621774578817 0.983704935597893 1.09581924186405 1.16445343668881 1.00415410828509 1.11332798551665 1.14457539254601 1.04456239450446 1.10189723326846 1.19524302374494 1.0944560694361 1.12844972495499 1.23590097106322 1.18720561938854 1.12704152280886 1.21664531441843 1.26161069049427 0 0.900180568544743 1.14239027152693 1.13993906698216 1.04602637740446 1.22249529238958 1.09438178475222 1.04406574452455 1.30496287013533 1.1944983649062 1.2432033423658 1.19524381072469 0.974046396810137 1.07449600541268 1.26954166844065 1.19002886640762 1.13213283402368 1.19406731361586 1.18542266629978 1.12748318127125
"Martovych_Zabobon" 0.93572158711569 0.970873969911846 1.03844187012372 0.918768453871607 0.77520829038759 0.901750650820104 1.01785598530811 0.93138725730612 0.882570048097778 0.94054047560825 1.0218584974632 0.95967913465492 1.10485544961592 0.844898343944842 0.905710348686023 1.02876397724942 0.822142777673454 1.11625591800407 1.19967566899792 0.973069653314661 0.926847037753681 1.05642844105515 0.955343604850273 1.03393486995564 1.26602100712703 1.14470593008805 1.12374823618519 1.21277378969901 1.09772449504913 0.900180568544743 0 1.02597222862657 1.07647939562803 0.938271852254399 1.2141644393498 0.891214941317531 0.938662966166793 1.16599650536112 1.05870721502498 1.23942532159451 1.1025277530644 0.867876778765833 1.03465139227331 1.18283659341336 1.13058030957419 1.19718263546254 1.29298914186234 1.14739794568726 0.998826524748857
"Mordovets_DviDoli" 0.852672539520145 0.903464588856679 1.04436462782064 0.907602625186863 0.929659036517993 0.83910999168373 0.924222750620471 0.948022001452158 0.917525194015385 1.08777337308859 0.807842412955903 0.7895601610892 0.809742225057063 0.804163136344071 1.04536315472088 0.946893582704584 0.94214273381207 0.959835142985906 1.03451257346947 0.858258385691745 0.962040276157558 0.859558517295346 0.950701964934324 0.755015862606432 1.01095850805915 0.965773077818091 1.02430918620314 1.10067145553879 0.815588533215292 1.14239027152693 1.02597222862657 0 0.961410938765773 0.736220600332717 1.00792623196283 0.892421525309749 0.848160566273231 1.02305879657712 0.696423734486865 1.08900563152141 1.00399553590225 0.922675631600546 1.06340572722558 0.852837742405942 0.880275350919888 1.04025329681125 1.10483101182174 0.972824087049064 1.05341909714724
"Myrnyi_Durnytsia" 1.08320484816108 0.974685442045425 1.10056893901681 1.13739361686211 0.945786342364054 1.06046979367587 1.01060083878917 0.850958404858724 0.90424779972182 1.17174615448556 1.05585892784652 1.00163518882076 1.10631563723461 1.01489036130345 1.12179057022042 1.12390924364777 1.0931859572088 0.922995040147479 1.01502212987655 0.863415273396903 1.02630221028097 1.09543306399432 0.999498175352856 0.853156559482655 1.02265214679016 0.909766559187745 0.938908257892389 1.05618656174149 1.07709410528859 1.13993906698216 1.07647939562803 0.961410938765773 0 0.803707188800298 0.968176281583109 1.16953999644811 0.935295078693159 1.05362261400548 0.926049242914639 1.04397069220777 1.04053602902988 1.03526512781098 1.07503504357568 1.10359465850223 1.05818661593822 0.916317097290766 1.11545756404147 1.07681213079508 0.963666659712882
"Myrnyi_KhibaRevutVoly" 0.874247228734843 0.801989700071478 1.0609179237436 0.907001594068713 0.925280164481722 0.906030787685175 0.827738263765578 0.73669132562336 0.719196205395787 1.10114070509796 0.893649363876022 0.827255163805037 0.922205954367969 0.801379182460827 1.0320555101665 0.91788885315162 0.867934405270666 0.870563377072016 0.958961878440943 0.753576993633455 0.946906889086313 0.868746314792999 0.867891213320504 0.749514208177854 0.895274934025029 0.963737599216997 0.934234082034963 0.944313472097585 0.936634923397178 1.04602637740446 0.938271852254399 0.736220600332717 0.803707188800298 0 0.784802165675839 1.03009068561275 0.857639799032052 1.02364016419951 0.749097141254448 1.05242480652431 1.02356948637357 0.88214073512691 1.05473398812107 0.976598418321075 0.874509467808316 0.900104544514316 1.00546267237615 0.849734806761304 0.962413624963656
"Myrnyi_LykhyiPoputav" 1.10073419744957 1.1615203691483 1.23867133971552 1.24219789684104 1.19445548370453 1.19788802374851 1.11836438629942 0.978108440059507 1.00901087146929 1.24760122329554 1.12103524503551 1.12450840348766 1.20252882146826 1.06445560386941 1.21503571691613 1.12189107156513 1.15022552238727 0.976339780568379 0.9999237595767 1.00897514024741 1.14736157920675 1.13178970526042 1.12942233661826 1.03623957529349 0.908318208800652 1.0795625230903 1.07802827021089 1.01590109803647 1.18685190205943 1.22249529238958 1.2141644393498 1.00792623196283 0.968176281583109 0.784802165675839 0 1.28885584946913 1.05706918218171 1.14012969676885 1.01898336100011 1.18180928119627 1.1151382794942 1.04286438028991 1.13186625638373 1.21437828368865 1.09457558329527 0.957797694013096 1.13063509627143 1.01910956761212 1.09500814620826
"Nazaruk_KniazYaroslavOsmomysl" 0.874072262133806 1.05316666157393 1.15880105694014 0.782918236462028 0.807502873938542 0.725887447248673 1.06468180169181 1.0640351660303 0.983607118245538 0.909430126379341 0.880340751611274 0.869674619594335 0.898659035333255 0.932231593017521 0.955302689736104 0.988216567813435 0.878241136798762 1.17470056194615 1.29576418205546 1.01993705330699 0.91595369491812 0.887091562623352 1.07894334120494 1.09402147498634 1.28188292586942 1.20610359567161 1.22898013685314 1.29188053147332 0.987317775100255 1.09438178475222 0.891214941317531 0.892421525309749 1.16953999644811 1.03009068561275 1.28885584946913 0 1.01693972577943 1.20726739273311 0.97169942616297 1.23538978347962 1.11732943764379 1.0164548987584 1.11797672494777 1.05917981417026 1.08969344185904 1.27384683454801 1.3239280439003 1.24822513132954 1.11417495589129
"Pchilka_Tovaryshky" 0.903268642298295 0.926014248649908 1.07317701797382 0.94269592521465 0.80535953239069 0.921433761647363 0.90569815390168 0.862776513839427 0.849371317202575 0.980725638709782 0.961787838802773 0.910309298122006 0.999134295360989 0.815120250514657 0.907892326532704 0.99716164233972 0.97350523229126 0.956533596669365 1.09575883399431 0.807260063848385 0.86721921824373 0.938494156861367 0.875012703054651 0.900719054018057 1.08023122195349 1.0352785002596 1.0498005033175 1.0719169084642 0.985227338802609 1.04406574452455 0.938662966166793 0.848160566273231 0.935295078693159 0.857639799032052 1.05706918218171 1.01693972577943 0 0.946152392553529 0.883088420015264 1.03412810717789 0.774140826735774 0.736512863143049 0.730321062411484 1.0806925421609 0.911275981558492 0.963464462046891 1.13062226181456 1.00828158633764 0.846838895419996
"Romanova_Akula" 1.04330617433733 1.07989669695298 1.32473141895398 1.14780837098934 1.04445009887473 1.12900128636632 1.10532910488451 1.04683788703622 1.05941571016668 1.06552828718673 1.17443885430911 1.11749570236081 1.19914956112801 1.01454416846376 1.01858286904514 1.16290384731891 1.13949579111895 1.03580753444595 1.18418960892197 0.913765867977446 1.07753977298632 1.08108693973784 1.0002791491745 1.071157974404 1.09753865259755 1.14882144431603 1.17815787362944 1.11180143395974 1.11447287134297 1.30496287013533 1.16599650536112 1.02305879657712 1.05362261400548 1.02364016419951 1.14012969676885 1.20726739273311 0.946152392553529 0 1.03817808575291 1.17571528467325 0.950733257020443 1.01821977146404 0.951799511054308 1.16898467193619 1.09508672902655 1.11723628278499 1.23079191351214 1.11629355832396 0.951101077423605
"Storozhenko_MarkoProkliatyi" 0.914091534085157 0.927020260599235 1.07169945804312 0.996182336079882 0.967221494349365 0.862661185493488 0.914512333514489 0.922478636301265 0.904781812964538 1.08877487972941 0.83566674249884 0.829199307518928 0.879844853301263 0.916022993257627 1.07573443605519 1.00279055828337 1.02195479615761 0.947023860256305 1.01249052401678 0.839732565439692 0.937057129730354 0.918902255978701 0.971252808204746 0.751701771136133 0.925185832916071 0.945564371864187 0.984870328950715 0.955551380994671 0.866582031945463 1.1944983649062 1.05870721502498 0.696423734486865 0.926049242914639 0.749097141254448 1.01898336100011 0.97169942616297 0.883088420015264 1.03817808575291 0 1.1012728739083 1.0623964461111 0.958469166958932 1.06623979431088 0.973935877478406 0.909222880997999 0.937528419781068 1.07585357485293 0.961618594731222 1.07811850230359
"Teslenko_StracheneZhyttie" 1.24770231615931 1.13115528797004 1.31475084826061 1.2665101560661 1.23668719362445 1.21966866603908 1.12494292660289 1.05036325710672 1.01326424567604 1.3248215778775 1.17239028216279 1.16613578259447 1.18797227166226 1.14242667089013 1.27713038956227 1.28427653679001 1.24286289273755 1.13320066583425 1.14258722607701 1.10225196820281 1.17158116317106 1.11419868309374 1.10905292054095 1.083946660473 1.13063003298046 0.857829240367843 1.06250704308769 1.1546133617569 0.922763040721229 1.2432033423658 1.23942532159451 1.08900563152141 1.04397069220777 1.05242480652431 1.18180928119627 1.23538978347962 1.03412810717789 1.17571528467325 1.1012728739083 0 1.156431337037 1.09329981186127 1.14630795561607 1.2834417967856 1.15491926519187 1.12418011910032 1.19467803282257 1.21383010953363 1.17359425552472
"Ukrainka_NadMorem" 0.999689218794224 1.09611789672171 1.16430171363738 1.02885742907482 0.896793697281419 0.998429976926623 1.03023569622999 1.07201348382164 0.991015200466767 0.93982946826871 1.04288984115085 1.02738045448794 1.08729048296477 0.96748014289777 0.982141230907509 1.1409894858978 1.0795193846825 1.05183575550822 1.17340529544476 0.908060342766749 0.925859080847645 0.982786933542828 0.950698467591297 1.07853775418977 1.10142823599632 1.11338109411047 1.1603117941582 1.16371629531127 1.03739691226153 1.19524381072469 1.1025277530644 1.00399553590225 1.04053602902988 1.02356948637357 1.1151382794942 1.11732943764379 0.774140826735774 0.950733257020443 1.0623964461111 1.156431337037 0 0.833511267323201 0.810880483106344 1.19123039464423 1.05995246472016 1.08755409314413 1.23284538748884 1.18853717469991 0.874192356282645
"Ukrainka_Pryiazn" 0.887183756816604 1.03352594876116 1.13547188963012 0.940172143362478 0.898809443950022 0.97002034147772 0.979532299864124 0.914636931076384 0.86504985544155 0.979560806195752 0.982901916890604 0.930637968529163 1.05340223105921 0.799920445720165 0.874577508716285 0.913305160006535 0.899524141744849 0.987056682142408 1.06837739798975 0.92864601502776 0.936604983417851 0.95811157479901 0.862095698918769 1.02770234692322 1.05929038963894 1.04160607373151 1.07776188759382 1.03330389820714 0.946650779690034 0.974046396810137 0.867876778765833 0.922675631600546 1.03526512781098 0.88214073512691 1.04286438028991 1.0164548987584 0.736512863143049 1.01821977146404 0.958469166958932 1.09329981186127 0.833511267323201 0 0.750881086850301 1.13494037304782 0.940492107458745 0.993902001680981 1.10652568488762 1.06488832970499 0.871889009923445
"Ukrainka_Zhal" 0.968995458130611 1.11226540560174 1.18823414355649 1.05149093321535 0.900635215729282 1.05916429537218 1.04237640817498 0.963550413344705 0.975913154312608 0.964002455359609 1.11444325135381 1.05481162724125 1.19159313118158 0.924030999964329 0.896972590290793 1.06726650075489 1.02072259074964 1.03820207978497 1.16771559427004 0.925196202805137 0.888008125776473 1.09591663245008 0.975201026542199 1.09857224538976 1.16771682452049 1.15282962733114 1.10439815315289 1.07435753643276 1.15526515135652 1.07449600541268 1.03465139227331 1.06340572722558 1.07503504357568 1.05473398812107 1.13186625638373 1.11797672494777 0.730321062411484 0.951799511054308 1.06623979431088 1.14630795561607 0.810880483106344 0.750881086850301 0 1.23843853232176 1.06272825100461 1.02698424257048 1.19887484701622 1.10689558693878 0.888855383560083
"Vorobkevych_MestChornohortsia" 1.03658949569963 1.05401697799954 1.11576402369745 1.02815289304049 1.08371997310139 0.959883487204118 1.09704950770183 1.13164428852633 1.10001566307787 1.17304109534601 1.07536704700248 1.04177580436764 1.09134402543824 0.938910722461059 1.1804986710536 1.07437577058859 1.03515221385047 1.18296823230526 1.20612332975521 1.01058693557479 1.13328442494026 1.02515742333249 1.1345341516285 0.95855913809409 1.11590496575206 1.17341898433992 1.15947534913237 1.22774558001203 1.0515768230494 1.26954166844065 1.18283659341336 0.852837742405942 1.10359465850223 0.976598418321075 1.21437828368865 1.05917981417026 1.0806925421609 1.16898467193619 0.973935877478406 1.2834417967856 1.19123039464423 1.13494037304782 1.23843853232176 0 1.13085468402276 1.17317430946378 1.20658213572476 1.19664111664091 1.23504972025459
"Vovchok_DeviatBrativ" 1.04756383630346 1.04206585660803 1.15793660154924 1.08067519269739 1.08080191872198 1.04663579677717 1.05153940643242 0.985122657744203 0.965202540416579 1.17413269358965 1.01532316794434 0.993382868936387 0.980374201887752 0.972368320542497 1.10579953838658 1.09876151242938 1.078842837631 1.0473348560368 1.10927192406884 0.954606302796201 1.0310860982874 0.991063472254306 0.99995414222169 1.03998013925694 1.11415293816593 1.06614263942778 1.05528649290163 1.06804610148176 1.04163579265021 1.19002886640762 1.13058030957419 0.880275350919888 1.05818661593822 0.874509467808316 1.09457558329527 1.08969344185904 0.911275981558492 1.09508672902655 0.909222880997999 1.15491926519187 1.05995246472016 0.940492107458745 1.06272825100461 1.13085468402276 0 1.01072493790237 1.10901810623918 0.980923168287649 1.04592959747239
