"Barvinok_SkoshenyiTsvit" "Cherniavskyi_VaeVictis" "Fedkovych_Farmazony" "Franko_BoaConstrictor" "Franko_PerekhresniStezhky" "Franko_ZakharBerkut" "Hrinchenko_BratNaBrata" "Hrinchenko_PidTykhymyVerbamy" "Hrinchenko_SeredTemnoiNochi" "Iatskiv_Blyskavytsi" "Kashchenko_BortsiZaPravdu" "Kashchenko_PidKorsunem" "Kashchenko_ZDnipraNaDunai" "Khotkevych_KaminnaDushia" "Kobylianska_Liudyna" "Kobylianska_VNediliuRanoZilliaKopala" "Kobylianska_Zemlia" "Konyskyi_BabaIavdokha" "Konyskyi_KhvoraDusha" "Konyskyi_SemenZhuk" "Koroliv_Chmelyk" "Kotsiubynskyi_TiniZabutykhPredkiv" "Krymskyi_NePorozumiiutsia" "Kulish_ChornaRada" "KulishBilozerska_NeBuloZmalku" "Kvitka_KonotopskaVidma" "Kvitka_KozyrDivka" "Kvitka_SerdeshnaOksana" "Levytskyi_HetmanIvanVyhovskyi" "Makovei_KlopotySavchykhy" "Martovych_Zabobon" "Mordovets_DviDoli" "Myrnyi_Durnytsia" "Myrnyi_KhibaRevutVoly" "Myrnyi_LykhyiPoputav" "Nazaruk_KniazYaroslavOsmomysl" "Pchilka_Tovaryshky" "Romanova_Akula" "Storozhenko_MarkoProkliatyi" "Teslenko_StracheneZhyttie" "Ukrainka_NadMorem" "Ukrainka_Pryiazn" "Ukrainka_Zhal" "Vorobkevych_MestChornohortsia" "Vovchok_DeviatBrativ" "Vovchok_Instytutka" "Vovchok_Kozachka" "Vovchok_VidSebeNeVtechesh" "Vynnychenko_ZapyskyKyrpatohoMefistofelia"
"Barvinok_SkoshenyiTsvit" 0 1.02821349226272 1.02285696633345 0.889609269790378 0.810053927559563 0.792548445313643 1.02696976639162 0.880670548423177 0.91799262792704 0.847980204836781 0.875833346919141 0.890417589967276 0.986490276478424 0.786854517000269 0.812538775988058 0.904398218195606 0.845788311537935 0.959974344684099 1.01354811189105 0.83716455908432 0.905499525081647 0.925096834768937 0.980389395585303 0.876749831782376 1.03284608630647 1.02104267147304 0.997260937081111 0.989569534295972 0.890539232891691 0.987524704889833 0.863514706139075 0.779011354993152 0.999516723718402 0.846259551602084 1.02220398619527 0.796141927911209 0.861924798297823 0.965335253446559 0.846338947068458 1.13360293914757 0.960169257720875 0.861978825705059 0.960255946970033 0.92916870515653 0.990815802213203 0.994278453656244 1.09543758641076 1.0014224031038 0.970880387803146
"Cherniavskyi_VaeVictis" 1.02821349226272 0 1.14747591551385 0.986146252796099 0.906964227300904 0.980955359873713 0.839417963592693 0.880731063569876 0.806023269096137 1.07500814150368 0.953366783212544 0.91811363742261 1.00038295264269 0.909704962511814 1.10693483348258 1.09799864223225 0.964200487723877 0.985018020890742 1.10039417229542 0.91987471273107 0.969985010924757 0.983318062115792 0.933437672207207 0.939754816509708 1.12099655689182 1.02166247449555 0.97240653587872 1.11021140338514 1.04899953643353 1.08535859758308 0.957933835038254 0.894530803767398 0.948886955419726 0.846772011307834 1.10476871409829 1.01003672950004 0.950603172938358 1.05170465880204 0.928470928359761 1.08078722843107 1.06138730036998 1.01074912744763 1.06603043940141 1.07269733568962 0.997882800331433 1.05651701917271 1.19335554361606 1.06972036890649 0.939754894104865
"Fedkovych_Farmazony" 1.02285696633345 1.14747591551385 0 1.12036643619386 0.982182489558313 1.05393157387084 1.14884509967886 1.05928456043931 1.10598218563232 1.07996604329727 1.12537310650083 1.1104017972672 1.18376572298821 0.994181488354071 1.11054858647398 1.2017469760626 1.08621877965414 1.12395135949734 1.1510830429564 1.02797662534666 1.06842472756738 1.17636939826661 1.15199441054692 0.980677622366035 1.19542958122747 1.08243429983051 1.00972262491018 1.14863284428178 1.1206835643516 1.04656684510901 1.01375208857697 0.993682397166249 1.05287524593198 1.03585705137279 1.16702308815267 1.07269898944919 1.0774528357692 1.2454723111812 1.0425562775906 1.22528801043403 1.18692244110219 1.07737752452578 1.18410683923603 1.07288694678161 1.10471745088875 1.10576246321774 1.14470211141584 1.22217236036381 1.21043508848097
"Franko_BoaConstrictor" 0.889609269790378 0.986146252796099 1.12036643619386 0 0.789052646764366 0.830509874739149 0.993810713748834 0.985476214962274 0.962168759687822 0.881684439686748 1.01276138593566 0.96535795496278 1.0373342256803 0.842930010152612 0.917575387376836 0.97606079255674 0.866580302857099 1.10932561985885 1.17316985925624 0.970454854720723 0.952012096159601 0.840809378373902 1.00727030502407 1.05414361430738 1.22328066621327 1.09892272552216 1.08593456176304 1.19841377998619 1.02992042490012 1.05106424207614 0.879298128467798 0.8910716706532 1.06392720926643 0.908015351796687 1.18153800262285 0.784868696344117 0.955210186260674 1.10086267642303 0.991568058367835 1.19866188257297 1.02579555190207 0.94004981351398 1.04625429250359 0.997917407793053 1.06750380285258 1.17617500953035 1.29933874373604 1.15950977224186 1.04573455356344
"Franko_PerekhresniStezhky" 0.810053927559563 0.906964227300904 0.982182489558313 0.789052646764366 0 0.684880241930086 0.949116186696491 0.913208237875932 0.888787210834471 0.796214556466525 0.942886059025839 0.890667403766711 1.01413070847453 0.749909681472425 0.814887088000274 0.980789693812208 0.819899521935898 0.981492984758592 1.08932261266889 0.817589012455286 0.793489225592225 0.912051927395903 0.933477926859762 0.883015262129751 1.16376429545982 0.991484818291652 0.991213486802837 1.11447329717052 0.984168140879414 0.951611716197302 0.725695126547979 0.871886307109181 0.904366771715145 0.911604284374658 1.13919999051596 0.750876681871335 0.797718863302068 1.00314630562851 0.940592213682545 1.15171212354612 0.913253024385494 0.86173016728053 0.899298483896939 1.01547192987782 1.05419466480501 1.03395089912714 1.18225403564232 1.09889224307783 0.837091992931833
"Franko_ZakharBerkut" 0.792548445313643 0.980955359873713 1.05393157387084 0.830509874739149 0.684880241930086 0 0.952718038477261 0.969129177432624 0.964869502644798 0.892871864739962 0.833592581940717 0.836804066184358 0.929360440502848 0.845007090395571 0.925067947297014 0.954657940021031 0.85542181717566 1.03943842166047 1.12676406129882 0.916807025313178 0.896119670043416 0.8996080190857 1.03338351339235 0.897024774542739 1.13879652841478 1.01571890515551 1.06217478707353 1.14107537326347 0.904842175679217 1.08818852842627 0.885321558803686 0.82174751579868 1.01072461953691 0.936742128319834 1.16723454933601 0.708312862739172 0.923843319615747 1.11462023952082 0.861381388355291 1.18086285484956 1.03796644586528 0.950597635891578 1.0593870037465 0.954674429072582 1.05405460328644 1.11171632618512 1.21555407933909 1.17005178549926 1.00936439876332
"Hrinchenko_BratNaBrata" 1.02696976639162 0.839417963592693 1.14884509967886 0.993810713748834 0.949116186696491 0.952718038477261 0 0.806980980919132 0.753473994783564 1.06608591123267 0.933213958025229 0.906750024711937 0.925782157463161 0.943471529952076 1.15933055032364 1.15295687512985 1.01872948714731 1.01673067918615 1.13172859216013 0.967756885951491 0.874134572308291 0.975125564316116 0.972105927071941 0.963129215188354 1.17910894730331 1.06138939933217 1.01350450627209 1.16509195594193 1.0106953993173 1.13790372863738 0.977890784139363 0.874974431806208 0.992505827948375 0.878506019894817 1.12461544271172 0.993766521827319 0.941025169071723 1.08264577817127 0.903459483512857 1.1135665691417 1.02454894053779 0.947334299653603 1.04351779412835 1.08817310996175 1.01985412264845 1.10216449024993 1.22088248098428 1.11710345296603 0.935888415774817
"Hrinchenko_PidTykhymyVerbamy" 0.880670548423177 0.880731063569876 1.05928456043931 0.985476214962274 0.913208237875932 0.969129177432624 0.806980980919132 0 0.514553585192289 1.02895030954767 0.943049179972961 0.858708455845586 0.977970712454771 0.80802594051805 0.999681887374491 1.03468794485376 0.880429929299705 0.826097924217504 0.966630066491104 0.811447750237774 0.907529252694896 0.982319141182014 0.869217997108886 0.807388031226043 0.994306585848988 0.936380645855726 0.837856178134279 0.956813859522849 0.972885480204308 0.948472648395915 0.875343918944607 0.858014339987915 0.848265531756852 0.701149068231999 0.961241607100522 0.9549864735053 0.887067062257362 0.974862977233813 0.870285613023348 1.01319334236918 1.01894997137969 0.861391628928671 0.962992691912294 1.0629127685246 0.941118946874212 0.905695132256548 1.09586070836887 0.943735642718104 0.949580219698047
"Hrinchenko_SeredTemnoiNochi" 0.91799262792704 0.806023269096137 1.10598218563232 0.962168759687822 0.888787210834471 0.964869502644798 0.753473994783564 0.514553585192289 0 1.03976781192951 0.874313238170452 0.809517795360738 0.900455791149488 0.809280829941949 1.03292376473193 1.03894018245539 0.885392391567596 0.930294234994881 1.01667316995359 0.84986733777403 0.856479328109235 0.980691659097721 0.850024251168234 0.858065280104193 0.997343965330665 0.946334197405035 0.867365724851603 0.978393611389277 0.937502479108182 0.950073320896498 0.851611914725396 0.859392345336126 0.891807939343843 0.749504492270295 0.986240225680509 0.944547550406725 0.891843810888939 1.01675223325955 0.896309568396295 0.999276045569482 1.00820149128999 0.849345085324877 0.978417603894433 1.08199607705428 0.930961365540208 0.967763690363857 1.11552643712142 0.972010626026086 0.908840544293077
"Iatskiv_Blyskavytsi" 0.847980204836781 1.07500814150368 1.07996604329727 0.881684439686748 0.796214556466525 0.892871864739962 1.06608591123267 1.02895030954767 1.03976781192951 0 1.01728293473327 1.01022288762816 1.13244397167314 0.845421473280045 0.814780975130864 0.954689537840564 0.849829475015542 1.05001475318036 1.16588237142582 0.942119680978889 0.888023355108593 0.954591642214382 1.03057140742786 1.02549365075192 1.18887054721534 1.11161800558396 1.13488016355034 1.12339389267316 1.02908732672971 1.05236500562566 0.878670431431466 0.990572826100956 1.07777607814061 1.02723184698141 1.16974188087053 0.830115782237632 0.934942344766651 0.995674902997994 1.00113500293585 1.21250383420289 0.943461684179717 0.908214793174033 0.976921386223616 1.05987869525484 1.10579832375544 1.09286804388377 1.22566206679923 1.12082064116538 0.905176240328011
"Kashchenko_BortsiZaPravdu" 0.875833346919141 0.953366783212544 1.12537310650083 1.01276138593566 0.942886059025839 0.833592581940717 0.933213958025229 0.943049179972961 0.874313238170452 1.01728293473327 0 0.501301493233166 0.664282081057351 0.900411533016968 1.03327837625681 1.07974810247787 0.986316053030302 1.0229607475899 1.04837386604559 0.972618838688063 0.898839783640416 0.939080315434364 1.01589594753261 0.918288348528778 1.1362226167792 0.983387106494441 1.02668157946797 1.09034928494524 0.850090515252019 1.11527498569803 0.963104767034704 0.776708050832277 1.0157859763495 0.909539151801674 1.0769622859084 0.887928665017534 0.976000117387457 1.13831608014247 0.844021487977948 1.12763529964823 1.05985855253109 0.94953198465944 1.11181040631501 1.05063244044538 0.976551165662633 1.05215021882865 1.20143121969876 1.10957279811369 1.01087548900065
"Kashchenko_PidKorsunem" 0.890417589967276 0.91811363742261 1.1104017972672 0.96535795496278 0.890667403766711 0.836804066184358 0.906750024711937 0.858708455845586 0.809517795360738 1.01022288762816 0.501301493233166 0 0.64645014158723 0.871403807743394 1.01826781184899 1.04615369205954 0.929344491676979 1.00699907763679 1.04194813221428 0.936031835323264 0.86261096848635 0.914372676949998 0.933715187771343 0.877732947405786 1.10212504091515 0.985236624916341 0.993002857999003 1.07228314105435 0.840697101496507 1.07713410464372 0.913437159899961 0.755010017856196 0.955496657224903 0.848944739292958 1.0772095407678 0.855012959623673 0.931515903457844 1.06536862876202 0.835504053271844 1.1416127405277 1.03671830175447 0.899052204563264 1.0561981588849 1.01435561050092 0.967356520590916 1.04264790458604 1.17062412851219 1.09305259914122 0.985551196295886
"Kashchenko_ZDnipraNaDunai" 0.986490276478424 1.00038295264269 1.18376572298821 1.0373342256803 1.01413070847453 0.929360440502848 0.925782157463161 0.977970712454771 0.900455791149488 1.13244397167314 0.664282081057351 0.64645014158723 0 0.954000980047441 1.16069257055551 1.17498063502559 1.06842633276752 1.07301578543715 1.16164627133033 1.04594945649396 0.901547054650889 0.942905049232159 1.01467756790655 0.967196760066052 1.16200049164047 1.03027135042622 1.09324943874817 1.1950715527154 0.935728127984574 1.19811681819086 1.0583490202881 0.803108042103603 1.05236081719427 0.937070183428694 1.16149070469197 0.90200171115914 1.01295006497348 1.15740025174501 0.905769984167155 1.15973328012728 1.09943543730616 1.01098832693712 1.16159898698215 1.08059547910332 0.97744792888371 1.12917804238676 1.24992500184622 1.20072702807813 1.08711967796848
"Khotkevych_KaminnaDushia" 0.786854517000269 0.909704962511814 0.994181488354071 0.842930010152612 0.749909681472425 0.845007090395571 0.943471529952076 0.80802594051805 0.809280829941949 0.845421473280045 0.900411533016968 0.871403807743394 0.954000980047441 0 0.889546651191232 0.886231661410729 0.746453661771759 0.940428946618473 1.02383606160648 0.891214308446419 0.860746833595686 0.803570399125613 0.910490181071644 0.863161979742616 1.03413523231129 0.936793144353553 0.968661821680816 1.01469399496554 0.915184437317452 0.924886346069494 0.774614757781137 0.765035129871011 0.959332783982828 0.801194764816567 1.03011504230998 0.843756964631717 0.824339806914731 0.97055114361282 0.883341503464202 1.07715595730048 0.947048778412761 0.782419187274266 0.920982861956887 0.935266540760493 0.923385803174422 0.956857935396268 1.10192758910333 1.01775091337337 0.891685272803132
"Kobylianska_Liudyna" 0.812538775988058 1.10693483348258 1.11054858647398 0.917575387376836 0.814887088000274 0.925067947297014 1.15933055032364 0.999681887374491 1.03292376473193 0.814780975130864 1.03327837625681 1.01826781184899 1.16069257055551 0.889546651191232 0 0.929168346380141 0.775874948237683 1.06805258399374 1.14002645163187 0.942898679711332 1.0075973307275 1.01623536576186 0.995099083522024 1.05215982718355 1.21882060412255 1.11129800796124 1.12124121390769 1.09481433147314 1.00179819984774 1.00774507334354 0.855692956008373 0.990470501230054 1.0986077798532 1.02720652053831 1.17138788128791 0.901429269368334 0.899381866263503 0.974850958712895 1.03484811216778 1.19937274494535 0.979081641235036 0.876013153032293 0.907915928470006 1.10739511429971 1.08009769304567 1.09616375269191 1.22143385320792 1.12375218399853 0.91046834957081
"Kobylianska_VNediliuRanoZilliaKopala" 0.904398218195606 1.09799864223225 1.2017469760626 0.97606079255674 0.980789693812208 0.954657940021031 1.15295687512985 1.03468794485376 1.03894018245539 0.954689537840564 1.07974810247787 1.04615369205954 1.17498063502559 0.886231661410729 0.929168346380141 0 0.688734505982722 1.04705132906029 1.12472773473638 1.00061259842053 1.05371919707696 0.987229172918042 1.06033662203823 1.00712480870687 1.13699833111029 1.12237128417308 1.12400862280984 1.07092793470157 1.04870928597361 1.09014797865196 0.97427692316498 0.954697610613857 1.11218811052362 0.935946755443454 1.10644880785679 0.945987924429287 0.970642318217265 1.10084834356893 1.00437746596471 1.23184101059163 1.1262873451551 0.914286115125266 1.07093973575852 1.07038775780991 1.07791623201018 1.06508757760389 1.17568529637731 1.08073366479489 1.0516638539395
"Kobylianska_Zemlia" 0.845788311537935 0.964200487723877 1.08621877965414 0.866580302857099 0.819899521935898 0.85542181717566 1.01872948714731 0.880429929299705 0.885392391567596 0.849829475015542 0.986316053030302 0.929344491676979 1.06842633276752 0.746453661771759 0.775874948237683 0.688734505982722 0 0.996086307142326 1.09073675765408 0.921465794173585 0.965890223065789 0.928230602243435 0.972031735470488 0.988576829116489 1.13504455886231 1.10056827689176 1.06267728951956 1.06690667807123 1.01151894215015 0.928496127655608 0.775766722623921 0.905260888139536 1.03823146347754 0.850604405666903 1.09332028061842 0.82599336814156 0.921113779234448 1.04323423040068 0.975031356039312 1.16880202817181 1.0338701892666 0.846871378295906 0.98975759220177 1.01484729227766 1.01335783963325 1.05424726802003 1.17442085223302 1.04925001314281 1.00907402688395
"Konyskyi_BabaIavdokha" 0.959974344684099 0.985018020890742 1.12395135949734 1.10932561985885 0.981492984758592 1.03943842166047 1.01673067918615 0.826097924217504 0.930294234994881 1.05001475318036 1.0229607475899 1.00699907763679 1.07301578543715 0.940428946618473 1.06805258399374 1.04705132906029 0.996086307142326 0 0.803806200456879 0.809269023872271 0.984877837471849 1.03111729237588 0.971876881479044 0.834794024799049 0.983640009682614 0.927981672148059 0.897239345192967 0.926369671617618 1.00188898616548 0.998753205567303 1.02557696981633 0.873022803286853 0.888773678676383 0.836881451521007 0.967782580507258 1.06724204798506 0.954355068705014 1.00849678433444 0.890049415512971 1.06851107654607 1.02131992064838 0.941225568340715 1.01438899791556 1.08923032093231 1.0142833797792 0.884831591785794 1.01001904490411 0.988359629824737 0.987207175381747
"Konyskyi_KhvoraDusha" 1.01354811189105 1.10039417229542 1.1510830429564 1.17316985925624 1.08932261266889 1.12676406129882 1.13172859216013 0.966630066491104 1.01667316995359 1.16588237142582 1.04837386604559 1.04194813221428 1.16164627133033 1.02383606160648 1.14002645163187 1.12472773473638 1.09073675765408 0.803806200456879 0 0.934043919973934 1.0994760527153 1.13200743650856 1.06899668431542 0.921600889704413 0.936220637439083 0.984679462159451 0.937803727469473 0.96778515313008 1.04523305185931 1.07893648324727 1.10998014283296 0.958291713577068 0.943471426605613 0.913519196233348 0.944444990861997 1.1761471941529 1.05600569568849 1.10734814219704 0.947154526601466 1.05615234778411 1.11274584679857 1.020136590413 1.11536595420466 1.11784494885255 1.05873393113087 0.901165794438181 1.03055438198103 0.986162198789961 1.05474222926307
"Konyskyi_SemenZhuk" 0.83716455908432 0.91987471273107 1.02797662534666 0.970454854720723 0.817589012455286 0.916807025313178 0.967756885951491 0.811447750237774 0.84986733777403 0.942119680978889 0.972618838688063 0.936031835323264 1.04594945649396 0.891214308446419 0.942898679711332 1.00061259842053 0.921465794173585 0.809269023872271 0.934043919973934 0 0.920475801413732 1.00119464867005 0.923897389988829 0.807995356035534 0.980600576314277 0.902798210981894 0.854866408975024 0.93288936157209 0.858184439938794 0.99133441742808 0.913712952812102 0.81836852991037 0.852037990316883 0.764339175896069 0.976874778358571 0.937942024629366 0.806337144083707 0.888400468069831 0.838465234231013 1.01736063853032 0.950212602592399 0.898204866813313 0.927203959656778 0.999096672163851 0.962873924796361 0.903731338261154 1.07630628232606 0.948240120817408 0.889442726949352
"Koroliv_Chmelyk" 0.905499525081647 0.969985010924757 1.06842472756738 0.952012096159601 0.793489225592225 0.896119670043416 0.874134572308291 0.907529252694896 0.856479328109235 0.888023355108593 0.898839783640416 0.86261096848635 0.901547054650889 0.860746833595686 1.0075973307275 1.05371919707696 0.965890223065789 0.984877837471849 1.0994760527153 0.920475801413732 0 0.979569488515996 0.909348799078352 0.947737715086415 1.13690261983826 1.01767105026374 1.02077905576232 1.12398131336053 0.961706895229978 1.02709671796148 0.862313980835401 0.888438390900786 0.964438200312698 0.948479248222637 1.10174180832151 0.865555380025166 0.840127319268386 1.03206498099974 0.923324932330619 1.11194049344959 0.915048940772483 0.911173159409419 0.907698959443174 1.07764892072431 0.994848307524315 1.05144802426122 1.20528933681024 1.15357905984058 0.77437649965451
"Kotsiubynskyi_TiniZabutykhPredkiv" 0.925096834768937 0.983318062115792 1.17636939826661 0.840809378373902 0.912051927395903 0.8996080190857 0.975125564316116 0.982319141182014 0.980691659097721 0.954591642214382 0.939080315434364 0.914372676949998 0.942905049232159 0.803570399125613 1.01623536576186 0.987229172918042 0.928230602243435 1.03111729237588 1.13200743650856 1.00119464867005 0.979569488515996 0 0.961421064833838 1.00348132787342 1.10464278647497 0.969957487038379 1.06376941639103 1.11609502710642 0.956096534754993 1.10802289214376 0.97757966097381 0.837902649749281 1.04592813312616 0.892061202399996 1.10929761529908 0.8646413083297 0.946733319177288 1.0590043696191 0.913201920492609 1.08752511051421 0.977510994162396 0.930919579943395 1.06063036983371 1.01250177405869 0.988200726240841 1.03946590171504 1.19946681650994 1.07663945478279 0.974924678106295
"Krymskyi_NePorozumiiutsia" 0.980389395585303 0.933437672207207 1.15199441054692 1.00727030502407 0.933477926859762 1.03338351339235 0.972105927071941 0.869217997108886 0.850024251168234 1.03057140742786 1.01589594753261 0.933715187771343 1.01467756790655 0.910490181071644 0.995099083522024 1.06033662203823 0.972031735470488 0.971876881479044 1.06899668431542 0.923897389988829 0.909348799078352 0.961421064833838 0 0.946196307225182 1.11027028964423 0.983776700526554 0.964462355032375 1.02053518442413 0.9447120826839 1.03605932185099 0.905779084669656 0.908318107443513 0.977606805738795 0.896422919532763 1.08625571663952 1.02187805607998 0.902433221848596 0.964531091118245 0.974577949435025 1.06244590219725 0.944871679870585 0.858661931363945 0.957368740122621 1.06889886667414 0.955980377532921 1.02004070386952 1.13980219185173 1.04612208328967 0.893091484657021
"Kulish_ChornaRada" 0.876749831782376 0.939754816509708 0.980677622366035 1.05414361430738 0.883015262129751 0.897024774542739 0.963129215188354 0.807388031226043 0.858065280104193 1.02549365075192 0.918288348528778 0.877732947405786 0.967196760066052 0.863161979742616 1.05215982718355 1.00712480870687 0.988576829116489 0.834794024799049 0.921600889704413 0.807995356035534 0.947737715086415 1.00348132787342 0.946196307225182 0 0.900740371397446 0.823786883995104 0.83387176724209 0.936662482072826 0.877498578127747 1.04122392071839 0.969127371534618 0.693386822796095 0.83135166691026 0.739742558947699 0.98329837069138 0.998856410834925 0.902470404548664 1.0298136330307 0.721671018388807 1.02508004904199 1.03607059478244 0.968703458482688 1.04419655869136 0.915525451438337 0.975561725947325 0.816719393129363 0.973546432576244 0.977117754000385 0.960087910887079
"KulishBilozerska_NeBuloZmalku" 1.03284608630647 1.12099655689182 1.19542958122747 1.22328066621327 1.16376429545982 1.13879652841478 1.17910894730331 0.994306585848988 0.997343965330665 1.18887054721534 1.1362226167792 1.10212504091515 1.16200049164047 1.03413523231129 1.21882060412255 1.13699833111029 1.13504455886231 0.983640009682614 0.936220637439083 0.980600576314277 1.13690261983826 1.10464278647497 1.11027028964423 0.900740371397446 0 0.948006289254528 0.94651371670036 0.930336996555034 1.06696619856014 1.13639385439538 1.18440623840088 0.97701681780539 0.999792604104659 0.9036315940744 0.887462420608249 1.21221182154239 1.07193527627584 1.03748436356202 0.910381019250011 1.08353318635387 1.0931920345114 1.04046276962833 1.12555045168749 1.08989758590546 1.07687705402543 0.870877654059087 1.00400552190736 1.01318733639526 1.07181836460387
"Kvitka_KonotopskaVidma" 1.02104267147304 1.02166247449555 1.08243429983051 1.09892272552216 0.991484818291652 1.01571890515551 1.06138939933217 0.936380645855726 0.946334197405035 1.11161800558396 0.983387106494441 0.985236624916341 1.03027135042622 0.936793144353553 1.11129800796124 1.12237128417308 1.10056827689176 0.927981672148059 0.984679462159451 0.902798210981894 1.01767105026374 0.969957487038379 0.983776700526554 0.823786883995104 0.948006289254528 0 0.698830236878838 0.804604309786521 0.748005231298601 1.0370739257213 1.02940768635004 0.84965836077502 0.844117655331996 0.908025307551741 0.988860452666819 1.07057652600659 0.984240549276475 1.06086188931459 0.854597666542855 0.791433065313249 1.02657984586421 0.929609181893055 1.06360584626332 1.05293666826852 0.951584053335749 0.883790967173359 1.05822644966676 1.02649699556774 1.00388188008532
"Kvitka_KozyrDivka" 0.997260937081111 0.97240653587872 1.00972262491018 1.08593456176304 0.991213486802837 1.06217478707353 1.01350450627209 0.837856178134279 0.867365724851603 1.13488016355034 1.02668157946797 0.993002857999003 1.09324943874817 0.968661821680816 1.12124121390769 1.12400862280984 1.06267728951956 0.897239345192967 0.937803727469473 0.854866408975024 1.02077905576232 1.06376941639103 0.964462355032375 0.83387176724209 0.94651371670036 0.698830236878838 0 0.746215342666749 1.00919792830609 0.987239564838768 1.01654659311777 0.894091098584463 0.887224321309674 0.866256814556538 0.985792849580613 1.07124126643739 1.0042086528321 1.08021890428827 0.893445812711145 0.988436567873849 1.07796913606648 0.985664868130072 1.0497770434657 1.06365624760368 0.952114755236386 0.882771356155276 1.07025365934013 1.01437834768669 1.04475970532941
"Kvitka_SerdeshnaOksana" 0.989569534295972 1.11021140338514 1.14863284428178 1.19841377998619 1.11447329717052 1.14107537326347 1.16509195594193 0.956813859522849 0.978393611389277 1.12339389267316 1.09034928494524 1.07228314105435 1.1950715527154 1.01469399496554 1.09481433147314 1.07092793470157 1.06690667807123 0.926369671617618 0.96778515313008 0.93288936157209 1.12398131336053 1.11609502710642 1.02053518442413 0.936662482072826 0.930336996555034 0.804604309786521 0.746215342666749 0 1.05223159226487 1.09777716600103 1.11194890529155 0.985253556251573 0.998924621330711 0.901050899681093 0.938874078790058 1.16842646970093 1.05843336863719 1.03968529985373 0.894779987243041 1.07614334387923 1.1057097727554 0.976519431196336 1.04888666793357 1.12411874673549 0.991767235473117 0.912076779821369 1.03367256128622 0.983525473998932 1.05063110581789
"Levytskyi_HetmanIvanVyhovskyi" 0.890539232891691 1.04899953643353 1.1206835643516 1.02992042490012 0.984168140879414 0.904842175679217 1.0106953993173 0.972885480204308 0.937502479108182 1.02908732672971 0.850090515252019 0.840697101496507 0.935728127984574 0.915184437317452 1.00179819984774 1.04870928597361 1.01151894215015 1.00188898616548 1.04523305185931 0.858184439938794 0.961706895229978 0.956096534754993 0.9447120826839 0.877498578127747 1.06696619856014 0.748005231298601 1.00919792830609 1.05223159226487 0 1.1243332109799 0.996370714687787 0.750754555728599 0.964966201686278 0.898985434448293 1.09839115125424 0.912868632104765 0.935463235164836 1.03819106413898 0.832026740855851 0.873523452517558 0.991793276443489 0.900486752104797 1.07389501208868 0.986843699176963 0.977951946111822 1.03343145147269 1.13662724798198 1.08573640881956 0.998670359629273
"Makovei_KlopotySavchykhy" 0.987524704889833 1.08535859758308 1.04656684510901 1.05106424207614 0.951611716197302 1.08818852842627 1.13790372863738 0.948472648395915 0.950073320896498 1.05236500562566 1.11527498569803 1.07713410464372 1.19811681819086 0.924886346069494 1.00774507334354 1.09014797865196 0.928496127655608 0.998753205567303 1.07893648324727 0.99133441742808 1.02709671796148 1.10802289214376 1.03605932185099 1.04122392071839 1.13639385439538 1.0370739257213 0.987239564838768 1.09777716600103 1.1243332109799 0 0.841200459370364 1.04070259715269 1.01274936400624 0.994899101845092 1.11876915457558 1.00185310051101 0.993012392794604 1.15661175789076 1.11370244581047 1.14530272294293 1.13874919631077 0.888870607193769 1.03351797388822 1.17108580589848 1.08961555856341 1.04133582129993 1.0913105999122 1.12272022177521 1.05366774731342
"Martovych_Zabobon" 0.863514706139075 0.957933835038254 1.01375208857697 0.879298128467798 0.725695126547979 0.885321558803686 0.977890784139363 0.875343918944607 0.851611914725396 0.878670431431466 0.963104767034704 0.913437159899961 1.0583490202881 0.774614757781137 0.855692956008373 0.97427692316498 0.775766722623921 1.02557696981633 1.10998014283296 0.913712952812102 0.862313980835401 0.97757966097381 0.905779084669656 0.969127371534618 1.18440623840088 1.02940768635004 1.01654659311777 1.11194890529155 0.996370714687787 0.841200459370364 0 0.94489881300719 1.00743328921418 0.896803483212596 1.13662247428926 0.826345737926267 0.886264221540492 1.05649122062777 1.01542685017743 1.15100823481296 1.02762035084087 0.807730018886937 0.961332363806061 1.12449309825368 1.0351724608714 1.09383633268541 1.21604647338063 1.10405037977939 0.911791364118323
"Mordovets_DviDoli" 0.779011354993152 0.894530803767398 0.993682397166249 0.8910716706532 0.871886307109181 0.82174751579868 0.874974431806208 0.858014339987915 0.859392345336126 0.990572826100956 0.776708050832277 0.755010017856196 0.803108042103603 0.765035129871011 0.990470501230054 0.954697610613857 0.905260888139536 0.873022803286853 0.958291713577068 0.81836852991037 0.888438390900786 0.837902649749281 0.908318107443513 0.693386822796095 0.97701681780539 0.84965836077502 0.894091098584463 0.985253556251573 0.750754555728599 1.04070259715269 0.94489881300719 0 0.889304937911751 0.725049555997914 0.964696758093987 0.822615442948749 0.847508688849245 0.973305661240395 0.678432343434849 0.988706913228282 0.968694190697366 0.875892880277007 0.996198543999566 0.831966613902643 0.858475712871199 0.926529689910758 1.03870752814566 0.949947493478279 0.966554352226929
"Myrnyi_Durnytsia" 0.999516723718402 0.948886955419726 1.05287524593198 1.06392720926643 0.904366771715145 1.01072461953691 0.992505827948375 0.848265531756852 0.891807939343843 1.07777607814061 1.0157859763495 0.955496657224903 1.05236081719427 0.959332783982828 1.0986077798532 1.11218811052362 1.03823146347754 0.888773678676383 0.943471426605613 0.852037990316883 0.964438200312698 1.04592813312616 0.977606805738795 0.83135166691026 0.999792604104659 0.844117655331996 0.887224321309674 0.998924621330711 0.964966201686278 1.01274936400624 1.00743328921418 0.889304937911751 0 0.792632306741446 0.929579958035477 1.07621868477827 0.944729655896669 1.0169214848039 0.861980433727438 0.997879630178688 1.02404142355244 0.968434613718344 1.03466118375003 1.09333093266244 1.00934417222609 0.873764322859679 1.07081491273384 1.06781765762238 0.940926024232211
"Myrnyi_KhibaRevutVoly" 0.846259551602084 0.846772011307834 1.03585705137279 0.908015351796687 0.911604284374658 0.936742128319834 0.878506019894817 0.701149068231999 0.749504492270295 1.02723184698141 0.909539151801674 0.848944739292958 0.937070183428694 0.801194764816567 1.02720652053831 0.935946755443454 0.850604405666903 0.836881451521007 0.913519196233348 0.764339175896069 0.948479248222637 0.892061202399996 0.896422919532763 0.739742558947699 0.9036315940744 0.908025307551741 0.866256814556538 0.901050899681093 0.898985434448293 0.994899101845092 0.896803483212596 0.725049555997914 0.792632306741446 0 0.779305796167153 0.962649510110047 0.884789426799747 0.979772840025079 0.74539683951733 1.01804127657209 1.01592495983754 0.872363097893129 1.03009593778992 0.977979868116817 0.889237070223318 0.875945502746041 1.01571505997973 0.904859932808956 0.943879616067545
"Myrnyi_LykhyiPoputav" 1.02220398619527 1.10476871409829 1.16702308815267 1.18153800262285 1.13919999051596 1.16723454933601 1.12461544271172 0.961241607100522 0.986240225680509 1.16974188087053 1.0769622859084 1.0772095407678 1.16149070469197 1.03011504230998 1.17138788128791 1.10644880785679 1.09332028061842 0.967782580507258 0.944444990861997 0.976874778358571 1.10174180832151 1.10929761529908 1.08625571663952 0.98329837069138 0.887462420608249 0.988860452666819 0.985792849580613 0.938874078790058 1.09839115125424 1.11876915457558 1.13662247428926 0.964696758093987 0.929579958035477 0.779305796167153 0 1.19424288078401 1.02422619762171 1.07539954017533 0.989064585709327 1.11756120650093 1.08407750412224 1.00434832702484 1.09841980710985 1.1325070852164 1.05740489681008 0.913074837871179 1.08137713143269 1.01843843538602 1.02903483166077
"Nazaruk_KniazYaroslavOsmomysl" 0.796141927911209 1.01003672950004 1.07269898944919 0.784868696344117 0.750876681871335 0.708312862739172 0.993766521827319 0.9549864735053 0.944547550406725 0.830115782237632 0.887928665017534 0.855012959623673 0.90200171115914 0.843756964631717 0.901429269368334 0.945987924429287 0.82599336814156 1.06724204798506 1.1761471941529 0.937942024629366 0.865555380025166 0.8646413083297 1.02187805607998 0.998856410834925 1.21221182154239 1.07057652600659 1.07124126643739 1.16842646970093 0.912868632104765 1.00185310051101 0.826345737926267 0.822615442948749 1.07621868477827 0.962649510110047 1.19424288078401 0 0.952016090799374 1.11566498783037 0.926645777341677 1.14540313325395 1.07741108181522 0.949108782669465 1.05509065293865 0.971053577797069 1.05329077530641 1.17199338036402 1.2383907789689 1.1727726241431 1.01990001096366
"Pchilka_Tovaryshky" 0.861924798297823 0.950603172938358 1.0774528357692 0.955210186260674 0.797718863302068 0.923843319615747 0.941025169071723 0.887067062257362 0.891843810888939 0.934942344766651 0.976000117387457 0.931515903457844 1.01295006497348 0.824339806914731 0.899381866263503 0.970642318217265 0.921113779234448 0.954355068705014 1.05600569568849 0.806337144083707 0.840127319268386 0.946733319177288 0.902433221848596 0.902470404548664 1.07193527627584 0.984240549276475 1.0042086528321 1.05843336863719 0.935463235164836 0.993012392794604 0.886264221540492 0.847508688849245 0.944729655896669 0.884789426799747 1.02422619762171 0.952016090799374 0 0.90703384865234 0.916398898739101 1.00477465424262 0.772397195377093 0.750928842022588 0.734926277070945 1.05175914594629 0.932063106093907 0.941540944030954 1.1148140374914 1.02775916273649 0.829121891494505
"Romanova_Akula" 0.965335253446559 1.05170465880204 1.2454723111812 1.10086267642303 1.00314630562851 1.11462023952082 1.08264577817127 0.974862977233813 1.01675223325955 0.995674902997994 1.13831608014247 1.06536862876202 1.15740025174501 0.97055114361282 0.974850958712895 1.10084834356893 1.04323423040068 1.00849678433444 1.10734814219704 0.888400468069831 1.03206498099974 1.0590043696191 0.964531091118245 1.0298136330307 1.03748436356202 1.06086188931459 1.08021890428827 1.03968529985373 1.03819106413898 1.15661175789076 1.05649122062777 0.973305661240395 1.0169214848039 0.979772840025079 1.07539954017533 1.11566498783037 0.90703384865234 0 1.0089832934187 1.12187112620584 0.893978926102635 0.963282174343071 0.929055350887592 1.10186927655778 1.04345468517451 1.04226955032983 1.19242437752606 1.04874934962752 0.946626194678678
"Storozhenko_MarkoProkliatyi" 0.846338947068458 0.928470928359761 1.0425562775906 0.991568058367835 0.940592213682545 0.861381388355291 0.903459483512857 0.870285613023348 0.896309568396295 1.00113500293585 0.844021487977948 0.835504053271844 0.905769984167155 0.883341503464202 1.03484811216778 1.00437746596471 0.975031356039312 0.890049415512971 0.947154526601466 0.838465234231013 0.923324932330619 0.913201920492609 0.974577949435025 0.721671018388807 0.910381019250011 0.854597666542855 0.893445812711145 0.894779987243041 0.832026740855851 1.11370244581047 1.01542685017743 0.678432343434849 0.861980433727438 0.74539683951733 0.989064585709327 0.926645777341677 0.916398898739101 1.0089832934187 0 1.06916137734417 1.0350561686003 0.935693374612827 1.04863508922335 0.925554873489508 0.921775864901618 0.877866738198697 1.04417568144604 0.955805834734585 1.02245942197283
"Teslenko_StracheneZhyttie" 1.13360293914757 1.08078722843107 1.22528801043403 1.19866188257297 1.15171212354612 1.18086285484956 1.1135665691417 1.01319334236918 0.999276045569482 1.21250383420289 1.12763529964823 1.1416127405277 1.15973328012728 1.07715595730048 1.19937274494535 1.23184101059163 1.16880202817181 1.06851107654607 1.05615234778411 1.01736063853032 1.11194049344959 1.08752511051421 1.06244590219725 1.02508004904199 1.08353318635387 0.791433065313249 0.988436567873849 1.07614334387923 0.873523452517558 1.14530272294293 1.15100823481296 0.988706913228282 0.997879630178688 1.01804127657209 1.11756120650093 1.14540313325395 1.00477465424262 1.12187112620584 1.06916137734417 0 1.1077516450102 1.02849838807379 1.1171745252362 1.18706847964286 1.0961743530758 1.03283145851114 1.12984088293901 1.15909463053484 1.07722427159408
"Ukrainka_NadMorem" 0.960169257720875 1.06138730036998 1.18692244110219 1.02579555190207 0.913253024385494 1.03796644586528 1.02454894053779 1.01894997137969 1.00820149128999 0.943461684179717 1.05985855253109 1.03671830175447 1.09943543730616 0.947048778412761 0.979081641235036 1.1262873451551 1.0338701892666 1.02131992064838 1.11274584679857 0.950212602592399 0.915048940772483 0.977510994162396 0.944871679870585 1.03607059478244 1.0931920345114 1.02657984586421 1.07796913606648 1.1057097727554 0.991793276443489 1.13874919631077 1.02762035084087 0.968694190697366 1.02404142355244 1.01592495983754 1.08407750412224 1.07741108181522 0.772397195377093 0.893978926102635 1.0350561686003 1.1077516450102 0 0.821018951620813 0.760801836194141 1.14159479871263 1.02411507141367 1.04381272782388 1.20507527099378 1.12250794017846 0.857269382093297
"Ukrainka_Pryiazn" 0.861978825705059 1.01074912744763 1.07737752452578 0.94004981351398 0.86173016728053 0.950597635891578 0.947334299653603 0.861391628928671 0.849345085324877 0.908214793174033 0.94953198465944 0.899052204563264 1.01098832693712 0.782419187274266 0.876013153032293 0.914286115125266 0.846871378295906 0.941225568340715 1.020136590413 0.898204866813313 0.911173159409419 0.930919579943395 0.858661931363945 0.968703458482688 1.04046276962833 0.929609181893055 0.985664868130072 0.976519431196336 0.900486752104797 0.888870607193769 0.807730018886937 0.875892880277007 0.968434613718344 0.872363097893129 1.00434832702484 0.949108782669465 0.750928842022588 0.963282174343071 0.935693374612827 1.02849838807379 0.821018951620813 0 0.784415672263438 1.06984522087334 0.922145278270586 0.943197810995005 1.08610828422232 1.01909483516653 0.852575028951368
"Ukrainka_Zhal" 0.960255946970033 1.06603043940141 1.18410683923603 1.04625429250359 0.899298483896939 1.0593870037465 1.04351779412835 0.962992691912294 0.978417603894433 0.976921386223616 1.11181040631501 1.0561981588849 1.16159898698215 0.920982861956887 0.907915928470006 1.07093973575852 0.98975759220177 1.01438899791556 1.11536595420466 0.927203959656778 0.907698959443174 1.06063036983371 0.957368740122621 1.04419655869136 1.12555045168749 1.06360584626332 1.0497770434657 1.04888666793357 1.07389501208868 1.03351797388822 0.961332363806061 0.996198543999566 1.03466118375003 1.03009593778992 1.09841980710985 1.05509065293865 0.734926277070945 0.929055350887592 1.04863508922335 1.1171745252362 0.760801836194141 0.784415672263438 0 1.19853967120419 1.0361821565276 1.01913931223994 1.17813377442071 1.08723338108853 0.891830079282827
"Vorobkevych_MestChornohortsia" 0.92916870515653 1.07269733568962 1.07288694678161 0.997917407793053 1.01547192987782 0.954674429072582 1.08817310996175 1.0629127685246 1.08199607705428 1.05987869525484 1.05063244044538 1.01435561050092 1.08059547910332 0.935266540760493 1.10739511429971 1.07038775780991 1.01484729227766 1.08923032093231 1.11784494885255 0.999096672163851 1.07764892072431 1.01250177405869 1.06889886667414 0.915525451438337 1.08989758590546 1.05293666826852 1.06365624760368 1.12411874673549 0.986843699176963 1.17108580589848 1.12449309825368 0.831966613902643 1.09333093266244 0.977979868116817 1.1325070852164 0.971053577797069 1.05175914594629 1.10186927655778 0.925554873489508 1.18706847964286 1.14159479871263 1.06984522087334 1.19853967120419 0 1.07846428418116 1.06701409603944 1.15054838706784 1.13873247139488 1.14378137728626
