"Barvinok_SkoshenyiTsvit" "Cherniavskyi_VaeVictis" "Fedkovych_Farmazony" "Franko_BoaConstrictor" "Franko_PerekhresniStezhky" "Franko_ZakharBerkut" "Hrinchenko_BratNaBrata" "Hrinchenko_PidTykhymyVerbamy" "Hrinchenko_SeredTemnoiNochi" "Iatskiv_Blyskavytsi" "Kashchenko_BortsiZaPravdu" "Kashchenko_PidKorsunem" "Kashchenko_ZDnipraNaDunai" "Khotkevych_KaminnaDushia" "Kobylianska_Liudyna" "Kobylianska_VNediliuRanoZilliaKopala" "Kobylianska_Zemlia" "Konyskyi_BabaIavdokha" "Konyskyi_KhvoraDusha" "Konyskyi_SemenZhuk" "Koroliv_Chmelyk" "Kotsiubynskyi_TiniZabutykhPredkiv" "Krymskyi_NePorozumiiutsia" "Kulish_ChornaRada" "KulishBilozerska_NeBuloZmalku" "Kvitka_KonotopskaVidma" "Kvitka_KozyrDivka" "Kvitka_SerdeshnaOksana" "Levytskyi_HetmanIvanVyhovskyi" "Makovei_KlopotySavchykhy" "Martovych_Zabobon" "Mordovets_DviDoli" "Myrnyi_Durnytsia" "Myrnyi_KhibaRevutVoly" "Myrnyi_LykhyiPoputav" "Nazaruk_KniazYaroslavOsmomysl" "Pchilka_Tovaryshky" "Romanova_Akula" "Storozhenko_MarkoProkliatyi" "Teslenko_StracheneZhyttie" "Ukrainka_NadMorem" "Ukrainka_Pryiazn" "Ukrainka_Zhal" "Vorobkevych_MestChornohortsia" "Vovchok_DeviatBrativ" "Vovchok_Instytutka" "Vovchok_Kozachka" "Vovchok_VidSebeNeVtechesh" "Vynnychenko_ZapyskyKyrpatohoMefistofelia"
"Barvinok_SkoshenyiTsvit" 0 1.01464903913196 0.995125493037182 0.885595977720003 0.799591617180507 0.788561171939274 1.02051114233346 0.885872831791466 0.912101343709348 0.83631401812446 0.878730838849535 0.884910929174597 0.967956526318917 0.802018201414226 0.830445595616564 0.906428050593467 0.83673290082135 0.969096845863441 1.02621121208869 0.818674258866407 0.884505638701822 0.932770773484526 0.975957006934691 0.852178713691067 1.01494043614675 0.997634490429913 0.967768091196569 0.984091534431728 0.870793814749456 0.973642951533248 0.851617057479331 0.794298203817458 0.985758175687722 0.84748335212255 0.998058206595227 0.776985460046932 0.848328198545499 0.933952309332247 0.847124987735541 1.11411935949061 0.957096750499196 0.849804828572881 0.956183037693984 0.907141526499872 0.999903369939309 0.948111636484573 1.10798455222171 1.01024061186605 0.961211022492346
"Cherniavskyi_VaeVictis" 1.01464903913196 0 1.10804453765638 0.975366546389202 0.927456102084624 0.980954238682178 0.863839809561362 0.883662510774478 0.812711448160063 1.06949702217127 0.925383186818495 0.886692661673163 0.974945124250018 0.918646651403336 1.09925299820802 1.09470067037089 0.963838673551568 0.990052918804687 1.08630899582901 0.911190885938351 0.938704375293442 0.962919369157911 0.936631970741324 0.926512545087901 1.09082849631941 0.997571769056396 0.951383497068258 1.07398701761499 1.02585993417328 1.064700732837 0.945653165080797 0.895578500871768 0.935936262663621 0.846178299249138 1.0725702692387 0.994308772726348 0.957086329430723 1.00659150611159 0.913941619719428 1.07386323084738 1.05640866619974 0.982692409571355 1.06961111817977 1.0357942078227 1.00399491721251 1.02186796910636 1.19825239326553 1.06179522778255 0.955683952201847
"Fedkovych_Farmazony" 0.995125493037182 1.10804453765638 0 1.05608553518889 0.958611682968924 1.01105104816722 1.11753525459708 1.00796873291099 1.05335883609948 1.05148626072419 1.05532334752648 1.05921511068176 1.11189745434005 0.980036370317511 1.08525901370597 1.17939792681937 1.04147091202154 1.08945109054547 1.10402681569095 0.982231717583891 1.00979724724181 1.13383265176074 1.10444579988821 0.938624065246649 1.13178080907371 1.02041436113356 0.958726397675856 1.08493939828104 1.06667396131174 1.00500360910337 0.993114747606165 0.960553425857963 1.01163232314313 0.992697486170554 1.10079717118891 1.0182238263896 1.04523743435388 1.1560404548619 0.998339730019331 1.17137685941748 1.14789287735897 1.02028104985296 1.15626707968399 1.01217800735013 1.09332282367757 1.06332577450117 1.11968084092395 1.18093468406509 1.16265901191499
"Franko_BoaConstrictor" 0.885595977720003 0.975366546389202 1.05608553518889 0 0.782655646630268 0.79914499445118 1.00719877208313 0.968912924884965 0.943080665679726 0.86583860007406 0.974570910597989 0.934190789310421 1.00317068666878 0.811754324527471 0.898276882028635 0.962278663552533 0.844035361027436 1.10711989467382 1.15347755058832 0.944243707518082 0.916370003199092 0.861799607348461 0.995242969808158 1.00136696435869 1.18572163268962 1.06122352032449 1.0398974007007 1.13815055715993 1.00163101832082 1.01805548277352 0.849535337887839 0.87705227695409 1.03816289249304 0.898671169603444 1.12388010908361 0.776571646093111 0.943261705392629 1.05023076273757 0.98725985789803 1.17429690696718 1.03111080547042 0.919692718503271 1.05039361996202 0.969903912319751 1.05763252347309 1.1189234250616 1.27354505417792 1.13626156200332 1.0123229278841
"Franko_PerekhresniStezhky" 0.799591617180507 0.927456102084624 0.958611682968924 0.782655646630268 0 0.674679531269292 0.953881549208702 0.893574531696185 0.870648585860939 0.776432261413431 0.901404266688256 0.866963266562963 0.981778819945302 0.749990921764435 0.836941786181259 0.983440537877879 0.801370609429492 0.998841671991774 1.09683283051448 0.815493485686604 0.77023103451352 0.92077213575875 0.92792815298782 0.86102701331745 1.12606953415204 0.985427176059983 0.959468235859436 1.07848636827024 0.96235317313323 0.929304339596561 0.713894956168926 0.8755877515542 0.908075730530152 0.89645516908032 1.12001878870841 0.72477777184539 0.808360180654995 0.969146246105812 0.931774200422842 1.13673253688138 0.936818970121245 0.85489946269384 0.911054880935587 0.989922923566235 1.05348976243167 1.01327817608649 1.19472379324379 1.10114126543601 0.824734863568937
"Franko_ZakharBerkut" 0.788561171939274 0.980954238682178 1.01105104816722 0.79914499445118 0.674679531269292 0 0.952729451431601 0.954688273358777 0.941312182200333 0.865088834678795 0.826789036193064 0.832717839547573 0.905912556462679 0.80924723975552 0.936146304602773 0.944598384375826 0.848161568825542 1.04378775373567 1.11989418332599 0.893347339538671 0.870347848162991 0.903733751921148 1.0179933202298 0.876066202721457 1.11219575719347 0.984668043671534 1.01224767911 1.09251858080609 0.888698491168271 1.06355703006843 0.85487991631647 0.814973693976717 0.982831835656015 0.922608235102188 1.13050161100937 0.697399593406238 0.923915746566599 1.06274005170069 0.867779442595615 1.17026899399401 1.02149397865391 0.925029294850804 1.06406089581746 0.930234280575525 1.04993418801902 1.07165264150567 1.2051308115696 1.14761315516574 0.984478355890861
"Hrinchenko_BratNaBrata" 1.02051114233346 0.863839809561362 1.11753525459708 1.00719877208313 0.953881549208702 0.952729451431601 0 0.799953345248421 0.759119840871024 1.05726468103402 0.914970703251483 0.900951139673472 0.933285692685263 0.955761039572592 1.16398266652574 1.16153790650216 1.01939851378049 1.03050508654085 1.12409129897579 0.968032722966615 0.857977432400422 0.989414702220255 0.95627796232307 0.966268061150875 1.1599788062952 1.05679069562252 0.986277468509318 1.13427888557864 1.01292672083606 1.13562446902415 0.97649780724446 0.899864856351364 0.981238008407932 0.881268794902804 1.09590480268885 0.993382343251651 0.96219283673315 1.0309321375298 0.918472116450512 1.11763847162878 1.03160673662399 0.947107371889237 1.05529565624937 1.08854159321078 1.04599782820992 1.07669803437222 1.23110415726788 1.12151925391377 0.956707269798435
"Hrinchenko_PidTykhymyVerbamy" 0.885872831791466 0.883662510774478 1.00796873291099 0.968912924884965 0.893574531696185 0.954688273358777 0.799953345248421 0 0.514368211600208 1.01132385185844 0.903442455066186 0.827475533608935 0.947602212871755 0.826443387047239 1.00891918288159 1.0410453508785 0.869234104888899 0.850112011254034 0.955200590063489 0.800275632514244 0.876340336763815 0.979306316699952 0.860133684036221 0.786012314889329 0.980887906002116 0.923777548383368 0.828141812892026 0.928966545901413 0.950104211938677 0.943188910877297 0.871427993811623 0.855505106756101 0.844362530924276 0.693016686066464 0.94203462524783 0.937575978242189 0.888843125277129 0.943168512745569 0.852245438950157 1.00434808594909 1.03011509754949 0.853920941376744 0.972633092141413 1.02942362645872 0.964181606211439 0.886381332061029 1.12030357795658 0.938670177161479 0.934952737831305
"Hrinchenko_SeredTemnoiNochi" 0.912101343709348 0.812711448160063 1.05335883609948 0.943080665679726 0.870648585860939 0.941312182200333 0.759119840871024 0.514368211600208 0 1.01751478593224 0.839344468738633 0.789817650944434 0.874673939176749 0.806673527983938 1.04577660883808 1.0367310041172 0.865693357699708 0.924229096840435 0.997159673581322 0.830185435314878 0.82776290910002 0.971140922461689 0.844393041106273 0.83420202835678 0.984374987479159 0.934983583830284 0.854726249635163 0.945430323566768 0.921057954687315 0.948289044082987 0.838585448178183 0.85473241426089 0.86864706459262 0.731093219052458 0.961641029152745 0.932287668071762 0.897343051578165 0.979072764151795 0.879999788055799 0.993919900096948 1.01463252584985 0.8335528555948 0.973107679064348 1.04556435387331 0.93345929318615 0.939471800235923 1.14066455819799 0.971697131126606 0.911638304827107
"Iatskiv_Blyskavytsi" 0.83631401812446 1.06949702217127 1.05148626072419 0.86583860007406 0.776432261413431 0.865088834678795 1.05726468103402 1.01132385185844 1.01751478593224 0 0.981955142244006 0.983845083035718 1.09212138653151 0.836161595471139 0.819912524919811 0.952257606322541 0.840022240208282 1.05626264504468 1.15358463168295 0.932138635690142 0.864140949148892 0.955564656171343 1.00801027342221 0.99971870945203 1.15390665733531 1.0877850900808 1.09288234654209 1.09941230697465 1.00245235785146 1.01930072708972 0.843677063116782 0.98227137308387 1.05408090923301 1.02601231326367 1.12939589018056 0.809783747400568 0.922129917066595 0.963450098762761 1.00043395547929 1.17645426365887 0.967119968617157 0.904789439572076 0.977288811239291 1.03483283267303 1.09969340283852 1.05517741344897 1.21980808581524 1.11635419364293 0.876075104004664
"Kashchenko_BortsiZaPravdu" 0.878730838849535 0.925383186818495 1.05532334752648 0.974570910597989 0.901404266688256 0.826789036193064 0.914970703251483 0.903442455066186 0.839344468738633 0.981955142244006 0 0.514587465744224 0.65657261394361 0.891564496638725 1.03604064428608 1.06560461110723 0.953700018589937 1.01664281997222 1.02727349704998 0.929195382462888 0.83932612423171 0.937435645953204 0.971467660320686 0.877761524829881 1.08590699153951 0.936094140553501 0.96148358651387 1.03897718977141 0.818651002729662 1.06812030999876 0.913107608705636 0.766484036069521 0.981765743477134 0.879628599959321 1.04690875784441 0.857713044857771 0.959403792470383 1.0583959106803 0.832726136625549 1.08774508904644 1.04235725416747 0.914873182797306 1.07710237742425 0.999594810105175 0.980046275850674 1.00364294064998 1.16384259324156 1.09217726948882 0.981999433018106
"Kashchenko_PidKorsunem" 0.884910929174597 0.886692661673163 1.05921511068176 0.934190789310421 0.866963266562963 0.832717839547573 0.900951139673472 0.827475533608935 0.789817650944434 0.983845083035718 0.514587465744224 0 0.647254895464386 0.848081514599435 1.013869470996 1.01987547977472 0.895020221483377 0.982873936635397 1.01334367026202 0.900518242495891 0.826251806940054 0.916575197537504 0.930496204006819 0.840310728932445 1.05255021318581 0.94476604070266 0.954609684975759 1.02009978616465 0.82799374429615 1.04245387329959 0.874404895883008 0.760287130312453 0.916279307718327 0.82168907942448 1.04678972786998 0.850118401786938 0.921670268546971 1.00432747522296 0.822322886975445 1.10729049027803 1.01750997114835 0.863614106807987 1.04123404637397 0.974239277242194 0.961194904257603 0.990143496754068 1.1450380867406 1.06864428742039 0.961667616137797
"Kashchenko_ZDnipraNaDunai" 0.967956526318917 0.974945124250018 1.11189745434005 1.00317068666878 0.981778819945302 0.905912556462679 0.933285692685263 0.947602212871755 0.874673939176749 1.09212138653151 0.65657261394361 0.647254895464386 0 0.935130233997306 1.1430139170882 1.12554844178025 1.02643537247667 1.05288060497424 1.1357872348661 1.0055805462478 0.851451453395573 0.940001532232013 0.997391172587132 0.917747264879087 1.10648766947325 0.988884600446241 1.03653847103243 1.12657854671832 0.90801077150783 1.15047533212536 1.00803190217229 0.798133863731868 1.02122022499229 0.898553736288209 1.11216980697556 0.881883022889401 1.00510659681982 1.08587991374582 0.885017737102411 1.12488350784247 1.06809034360133 0.974193430570725 1.13538575110126 1.02199918547578 0.967202866267765 1.08221613471816 1.22015471623527 1.16104927042671 1.05415052594877
"Khotkevych_KaminnaDushia" 0.802018201414226 0.918646651403336 0.980036370317511 0.811754324527471 0.749990921764435 0.80924723975552 0.955761039572592 0.826443387047239 0.806673527983938 0.836161595471139 0.891564496638725 0.848081514599435 0.935130233997306 0 0.906053125973573 0.87431590851414 0.742200873759624 0.96066176284896 1.02673137453844 0.880161891576103 0.834853538220932 0.810048874608904 0.917093733642157 0.849014900744507 1.02997901592803 0.927021573619017 0.944991475908058 0.991780391185991 0.904890990780141 0.92601693688349 0.761161856903217 0.77703092213707 0.948014180563162 0.805609954931051 1.01017926875687 0.824005304305512 0.833668008331246 0.946727067007355 0.896320127110732 1.08167310892784 0.959420021477511 0.786124812142157 0.941489321900567 0.921198966684404 0.929425688278359 0.955896998992039 1.12319576206431 1.02035883010861 0.880464607309484
"Kobylianska_Liudyna" 0.830445595616564 1.09925299820802 1.08525901370597 0.898276882028635 0.836941786181259 0.936146304602773 1.16398266652574 1.00891918288159 1.04577660883808 0.819912524919811 1.03604064428608 1.013869470996 1.1430139170882 0.906053125973573 0 0.957093951248551 0.802613372422258 1.07369794069575 1.14514587876675 0.94569336294828 0.978407966461413 1.02203565893586 0.997093550141653 1.02915622563275 1.18529384868313 1.10151485117444 1.08848624346257 1.07994662825467 1.00028210890689 1.00053640366372 0.867114375752225 0.983038039284399 1.09742947693998 1.02949619932538 1.13758030569082 0.896582264671345 0.885784842906164 0.961626232744953 1.03996986739602 1.19436582885975 0.98371550739826 0.888345606789955 0.927298151228171 1.08208687901707 1.09521613425247 1.06832720038379 1.22452534894118 1.12560824353012 0.907741954307123
"Kobylianska_VNediliuRanoZilliaKopala" 0.906428050593467 1.09470067037089 1.17939792681937 0.962278663552533 0.983440537877879 0.944598384375826 1.16153790650216 1.0410453508785 1.0367310041172 0.952257606322541 1.06560461110723 1.01987547977472 1.12554844178025 0.87431590851414 0.957093951248551 0 0.709592255100373 1.05812522426905 1.12265606049702 1.00384990864001 1.02335283109377 0.987984379868697 1.05613215498889 0.994302026438187 1.10823525554525 1.10133534771326 1.09100431091008 1.05007281594064 1.03973482057577 1.06262052549518 0.963579317759103 0.961147169872497 1.09296186358433 0.950052644750976 1.09786036014496 0.949567037186796 0.978931864989741 1.0828217268313 1.00613978855509 1.21305553874095 1.13192969452212 0.927236594204421 1.09455260124361 1.05592236890329 1.08375702426972 1.0453874687735 1.17522852964808 1.09276202511855 1.05574551943441
"Kobylianska_Zemlia" 0.83673290082135 0.963838673551568 1.04147091202154 0.844035361027436 0.801370609429492 0.848161568825542 1.01939851378049 0.869234104888899 0.865693357699708 0.840022240208282 0.953700018589937 0.895020221483377 1.02643537247667 0.742200873759624 0.802613372422258 0.709592255100373 0 1.00790430895425 1.0786315963403 0.909566819428297 0.926503450779742 0.918853897648878 0.971920673857521 0.961486562280862 1.10235200159105 1.0791145449893 1.03069139292778 1.04852491069516 0.994377055685442 0.907589028242677 0.767846189635887 0.904885966715269 1.03212502396762 0.840293082240858 1.06518886946336 0.819213649100272 0.902204035652548 1.01204940542501 0.966392748050461 1.15515131586841 1.03316400573793 0.836925683730627 1.00482574463506 0.979353565366567 1.00947469020397 1.02976693020369 1.19049195271736 1.0426425922805 0.991530181676284
"Konyskyi_BabaIavdokha" 0.969096845863441 0.990052918804687 1.08945109054547 1.10711989467382 0.998841671991774 1.04378775373567 1.03050508654085 0.850112011254034 0.924229096840435 1.05626264504468 1.01664281997222 0.982873936635397 1.05288060497424 0.96066176284896 1.07369794069575 1.05812522426905 1.00790430895425 0 0.800059814501893 0.824300178739563 0.965670890510389 1.03304832326007 0.952126564115957 0.833033312392645 0.960686790592807 0.903167289298502 0.889909446683095 0.901244244367585 0.99033921015919 0.994140193342278 1.01174271929303 0.882565015639331 0.868265963467801 0.835657784270936 0.95336471218798 1.06222401110399 0.977589464996794 0.986794247117897 0.885927774599424 1.05332949952784 1.04555423362198 0.941088700705834 1.02741769145104 1.05443110095818 1.04634014543192 0.879957390620832 1.01708329029206 1.01570986455027 1.00404332756847
"Konyskyi_KhvoraDusha" 1.02621121208869 1.08630899582901 1.10402681569095 1.15347755058832 1.09683283051448 1.11989418332599 1.12409129897579 0.955200590063489 0.997159673581322 1.15358463168295 1.02727349704998 1.01334367026202 1.1357872348661 1.02673137453844 1.14514587876675 1.12265606049702 1.0786315963403 0.800059814501893 0 0.933394458663285 1.05427193501426 1.12026340917396 1.03563398328332 0.919434934818472 0.953790765627739 0.971081851906872 0.923374109076583 0.960658297416012 1.02758171282328 1.06498228047999 1.08680269335976 0.951973868587046 0.947500451660967 0.911126884526522 0.921137200835128 1.15220856596911 1.05628504243854 1.07025536677222 0.948584101445306 1.05894010070702 1.11728378039936 1.00256257652031 1.1060900798232 1.08400191200381 1.07086514524826 0.891083969898607 1.03285669029215 1.00127849288516 1.07080159855872
"Konyskyi_SemenZhuk" 0.818674258866407 0.911190885938351 0.982231717583891 0.944243707518082 0.815493485686604 0.893347339538671 0.968032722966615 0.800275632514244 0.830185435314878 0.932138635690142 0.929195382462888 0.900518242495891 1.0055805462478 0.880161891576103 0.94569336294828 1.00384990864001 0.909566819428297 0.824300178739563 0.933394458663285 0 0.874634060967064 0.990128624315067 0.907142652576076 0.776655585959475 0.973599069528943 0.870845388398907 0.839156279149328 0.916656610617221 0.835253160830498 0.96429787466666 0.873168688682057 0.79757014909651 0.8553726309611 0.759284676092263 0.951288217650826 0.894567966494849 0.78854605301484 0.865810246413805 0.81045527549059 0.98874832864606 0.953971743933193 0.865693901441235 0.927808192850828 0.961936015661879 0.963456263331968 0.879283512614817 1.08476872174458 0.955072164589912 0.892433360966847
"Koroliv_Chmelyk" 0.884505638701822 0.938704375293442 1.00979724724181 0.916370003199092 0.77023103451352 0.870347848162991 0.857977432400422 0.876340336763815 0.82776290910002 0.864140949148892 0.83932612423171 0.826251806940054 0.851451453395573 0.834853538220932 0.978407966461413 1.02335283109377 0.926503450779742 0.965670890510389 1.05427193501426 0.874634060967064 0 0.950589103795971 0.873018218205177 0.898771596527907 1.09159453350111 0.978040425039225 0.965033153564155 1.07258560089984 0.913130161375806 0.988350234253867 0.819732635007652 0.847493140005776 0.934886874524329 0.911246177775186 1.05837279884609 0.826813379854964 0.831090516987858 0.987774557725322 0.901531315135493 1.08126781803672 0.907010724122502 0.874828613164457 0.887546475112555 1.02747730982914 0.981672126074899 1.0098331939203 1.175286868437 1.12146886947618 0.769029032869547
"Kotsiubynskyi_TiniZabutykhPredkiv" 0.932770773484526 0.962919369157911 1.13383265176074 0.861799607348461 0.92077213575875 0.903733751921148 0.989414702220255 0.979306316699952 0.971140922461689 0.955564656171343 0.937435645953204 0.916575197537504 0.940001532232013 0.810048874608904 1.02203565893586 0.987984379868697 0.918853897648878 1.03304832326007 1.12026340917396 0.990128624315067 0.950589103795971 0 0.968038436216199 0.968639663149434 1.07678737735661 0.961499841378625 1.02510866971059 1.07281579772216 0.949917313451405 1.08619019330373 0.954076227055041 0.86094206763175 1.0282743333255 0.897960667628321 1.08575742779816 0.879983566111889 0.969452720161734 1.00659242042718 0.917081840614874 1.08107886187758 1.00039271818717 0.932644091750939 1.08247159468584 0.993365958599693 1.0046737996806 1.03395700324484 1.20759816923753 1.07890538744941 0.985980973032082
"Krymskyi_NePorozumiiutsia" 0.975957006934691 0.936631970741324 1.10444579988821 0.995242969808158 0.92792815298782 1.0179933202298 0.95627796232307 0.860133684036221 0.844393041106273 1.00801027342221 0.971467660320686 0.930496204006819 0.997391172587132 0.917093733642157 0.997093550141653 1.05613215498889 0.971920673857521 0.952126564115957 1.03563398328332 0.907142652576076 0.873018218205177 0.968038436216199 0 0.90674626202809 1.08685514293368 0.95422158643079 0.928970041170315 0.971619662356727 0.930483991273871 1.01907477482328 0.89370755850701 0.901898274653187 0.946099930408171 0.890660567837425 1.05605745021513 0.995420247634858 0.90642803203044 0.928683400589794 0.96434196722468 1.04995726374857 0.958830597047154 0.853585451493335 0.959654566495342 1.0503686901297 0.981616741108524 0.989659427139114 1.13013369126183 1.04539891844881 0.898354059893484
"Kulish_ChornaRada" 0.852178713691067 0.926512545087901 0.938624065246649 1.00136696435869 0.86102701331745 0.876066202721457 0.966268061150875 0.786012314889329 0.83420202835678 0.99971870945203 0.877761524829881 0.840310728932445 0.917747264879087 0.849014900744507 1.02915622563275 0.994302026438187 0.961486562280862 0.833033312392645 0.919434934818472 0.776655585959475 0.898771596527907 0.968639663149434 0.90674626202809 0 0.880020257586002 0.793437111650227 0.794396146228862 0.881469395719076 0.837616473283083 0.997374363459129 0.920942322959812 0.680299040007244 0.811632079739641 0.719869150773091 0.948785840289208 0.958522970043704 0.87290795828298 0.968295151312031 0.720505235802953 0.992287754194575 1.0124872191105 0.926504881206154 1.02194499683428 0.880864019228399 0.970864299683779 0.783378967213313 0.977839213942401 0.966866759671373 0.933588102752635
"KulishBilozerska_NeBuloZmalku" 1.01494043614675 1.09082849631941 1.13178080907371 1.18572163268962 1.12606953415204 1.11219575719347 1.1599788062952 0.980887906002116 0.984374987479159 1.15390665733531 1.08590699153951 1.05255021318581 1.10648766947325 1.02997901592803 1.18529384868313 1.10823525554525 1.10235200159105 0.960686790592807 0.953790765627739 0.973599069528943 1.09159453350111 1.07678737735661 1.08685514293368 0.880020257586002 0 0.913832800330555 0.922342792199106 0.870332818607943 1.04166173991851 1.09288425139063 1.140960362417 0.958320333196023 0.976525278947275 0.887043093348131 0.87378605331213 1.16732373017085 1.0559577620668 0.996865332784895 0.905831425051397 1.03958957595674 1.08194876578671 1.00833345207584 1.10938851955479 1.04138639776971 1.07098300296166 0.848096450723329 1.01676619287783 0.995402209142506 1.06456431687773
"Kvitka_KonotopskaVidma" 0.997634490429913 0.997571769056396 1.02041436113356 1.06122352032449 0.985427176059983 0.984668043671534 1.05679069562252 0.923777548383368 0.934983583830284 1.0877850900808 0.936094140553501 0.94476604070266 0.988884600446241 0.927021573619017 1.10151485117444 1.10133534771326 1.0791145449893 0.903167289298502 0.971081851906872 0.870845388398907 0.978040425039225 0.961499841378625 0.95422158643079 0.793437111650227 0.913832800330555 0 0.68978038768957 0.756827143989829 0.72995928985843 1.00944272838033 0.990377790312017 0.832003569743523 0.833516670209179 0.88914311622953 0.947116095908457 1.02883200879116 0.966062518881677 0.997380122235673 0.84126781848793 0.7679496586002 1.00757172311709 0.899847564693521 1.05862224435379 0.995261402684601 0.953644807385399 0.846742322626331 1.03424984183634 1.0092263958722 0.981846685661409
"Kvitka_KozyrDivka" 0.967768091196569 0.951383497068258 0.958726397675856 1.0398974007007 0.959468235859436 1.01224767911 0.986277468509318 0.828141812892026 0.854726249635163 1.09288234654209 0.96148358651387 0.954609684975759 1.03653847103243 0.944991475908058 1.08848624346257 1.09100431091008 1.03069139292778 0.889909446683095 0.923374109076583 0.839156279149328 0.965033153564155 1.02510866971059 0.928970041170315 0.794396146228862 0.922342792199106 0.68978038768957 0 0.718210785216882 0.964387560558596 0.966370015252628 0.965859254515095 0.857185321870401 0.863053201545102 0.843161240999257 0.946031327704619 1.02104650852829 0.962455982496549 1.01343723883372 0.868752172163985 0.963031945670352 1.05900636147108 0.947926623298775 1.0429089090883 1.02487166718498 0.955884386508532 0.851302945915889 1.055303484431 0.998312622028721 1.01884865170135
"Kvitka_SerdeshnaOksana" 0.984091534431728 1.07398701761499 1.08493939828104 1.13815055715993 1.07848636827024 1.09251858080609 1.13427888557864 0.928966545901413 0.945430323566768 1.09941230697465 1.03897718977141 1.02009978616465 1.12657854671832 0.991780391185991 1.07994662825467 1.05007281594064 1.04852491069516 0.901244244367585 0.960658297416012 0.916656610617221 1.07258560089984 1.07281579772216 0.971619662356727 0.881469395719076 0.870332818607943 0.756827143989829 0.718210785216882 0 1.01335660852477 1.06233705216893 1.06910339377515 0.956164862554774 0.94523507045153 0.879690632209425 0.909104539699823 1.12289570866131 1.03053726576051 0.98585945041139 0.889050216677303 1.02753159733902 1.07421174178502 0.936576972032522 1.03714233542337 1.0686355402585 0.99661046888993 0.873712191921637 1.01471135676075 0.949262526166762 1.01796812178766
"Levytskyi_HetmanIvanVyhovskyi" 0.870793814749456 1.02585993417328 1.06667396131174 1.00163101832082 0.96235317313323 0.888698491168271 1.01292672083606 0.950104211938677 0.921057954687315 1.00245235785146 0.818651002729662 0.82799374429615 0.90801077150783 0.904890990780141 1.00028210890689 1.03973482057577 0.994377055685442 0.99033921015919 1.02758171282328 0.835253160830498 0.913130161375806 0.949917313451405 0.930483991273871 0.837616473283083 1.04166173991851 0.72995928985843 0.964387560558596 1.01335660852477 0 1.08570942854527 0.949594859265324 0.746431219750716 0.950465048867289 0.882545862800758 1.05015774062208 0.871001502830882 0.920880102791899 0.98967325141879 0.828142552809697 0.864363841209996 0.984281085359937 0.878487137785106 1.05310318702916 0.946933574918704 0.985652196314648 0.968590944731329 1.11406001994975 1.06945061861434 0.987954214474733
"Makovei_KlopotySavchykhy" 0.973642951533248 1.064700732837 1.00500360910337 1.01805548277352 0.929304339596561 1.06355703006843 1.13562446902415 0.943188910877297 0.948289044082987 1.01930072708972 1.06812030999876 1.04245387329959 1.15047533212536 0.92601693688349 1.00053640366372 1.06262052549518 0.907589028242677 0.994140193342278 1.06498228047999 0.96429787466666 0.988350234253867 1.08619019330373 1.01907477482328 0.997374363459129 1.09288425139063 1.00944272838033 0.966370015252628 1.06233705216893 1.08570942854527 0 0.833430153430561 1.02399058808685 1.00087283075129 0.976017882932917 1.07019987881811 0.981411306864029 0.973816967390821 1.09516248115023 1.07949384317006 1.0983632203014 1.11814222925516 0.885961221289856 1.0378177787708 1.11331415661863 1.08368685005538 1.00915066916494 1.0809082977423 1.11626268029815 1.02589082202105
"Martovych_Zabobon" 0.851617057479331 0.945653165080797 0.993114747606165 0.849535337887839 0.713894956168926 0.85487991631647 0.97649780724446 0.871427993811623 0.838585448178183 0.843677063116782 0.913107608705636 0.874404895883008 1.00803190217229 0.761161856903217 0.867114375752225 0.963579317759103 0.767846189635887 1.01174271929303 1.08680269335976 0.873168688682057 0.819732635007652 0.954076227055041 0.89370755850701 0.920942322959812 1.140960362417 0.990377790312017 0.965859254515095 1.06910339377515 0.949594859265324 0.833430153430561 0 0.917230106620802 0.975729032584305 0.874929071094387 1.0926896060211 0.800845769595271 0.871002919908778 1.00936199633222 0.982031010372413 1.12341347819462 1.01657912817492 0.794002983933478 0.948448422792942 1.07124978122486 1.03109837362914 1.04262734783025 1.19477501268167 1.09381938766201 0.877744291199604
"Mordovets_DviDoli" 0.794298203817458 0.895578500871768 0.960553425857963 0.87705227695409 0.8755877515542 0.814973693976717 0.899864856351364 0.855505106756101 0.85473241426089 0.98227137308387 0.766484036069521 0.760287130312453 0.798133863731868 0.77703092213707 0.983038039284399 0.961147169872497 0.904885966715269 0.882565015639331 0.951973868587046 0.79757014909651 0.847493140005776 0.86094206763175 0.901898274653187 0.680299040007244 0.958320333196023 0.832003569743523 0.857185321870401 0.956164862554774 0.746431219750716 1.02399058808685 0.917230106620802 0 0.88637177118781 0.731420315427602 0.946218032610743 0.812143139594389 0.845199966218244 0.947986262443143 0.682765248365128 0.993177783004458 0.974825515802356 0.872922802474234 0.997682302782536 0.822001890992322 0.881178681047777 0.90715400629607 1.04194922757371 0.964185545061513 0.968688452054811
"Myrnyi_Durnytsia" 0.985758175687722 0.935936262663621 1.01163232314313 1.03816289249304 0.908075730530152 0.982831835656015 0.981238008407932 0.844362530924276 0.86864706459262 1.05408090923301 0.981765743477134 0.916279307718327 1.02122022499229 0.948014180563162 1.09742947693998 1.09296186358433 1.03212502396762 0.868265963467801 0.947500451660967 0.8553726309611 0.934886874524329 1.0282743333255 0.946099930408171 0.811632079739641 0.976525278947275 0.833516670209179 0.863053201545102 0.94523507045153 0.950465048867289 1.00087283075129 0.975729032584305 0.88637177118781 0 0.782805522448662 0.9067417970734 1.04814242135638 0.943326919545986 0.967562568626952 0.842194268787654 0.991734782970309 1.0141513158235 0.93249364641984 1.02637634289635 1.05608597763728 1.02300252840465 0.850949678433928 1.06377709091241 1.05266409682456 0.923870722538857
"Myrnyi_KhibaRevutVoly" 0.84748335212255 0.846178299249138 0.992697486170554 0.898671169603444 0.89645516908032 0.922608235102188 0.881268794902804 0.693016686066464 0.731093219052458 1.02601231326367 0.879628599959321 0.82168907942448 0.898553736288209 0.805609954931051 1.02949619932538 0.950052644750976 0.840293082240858 0.835657784270936 0.911126884526522 0.759284676092263 0.911246177775186 0.897960667628321 0.890660567837425 0.719869150773091 0.887043093348131 0.88914311622953 0.843161240999257 0.879690632209425 0.882545862800758 0.976017882932917 0.874929071094387 0.731420315427602 0.782805522448662 0 0.774687815707019 0.950520300915462 0.87961821110794 0.951560658669058 0.748469617049247 0.991813742240026 1.02794889082632 0.86354447109545 1.03170439750235 0.936752594679965 0.906628261693492 0.857719516285752 1.03541831344864 0.892180270184052 0.943119926335112
"Myrnyi_LykhyiPoputav" 0.998058206595227 1.0725702692387 1.10079717118891 1.12388010908361 1.12001878870841 1.13050161100937 1.09590480268885 0.94203462524783 0.961641029152745 1.12939589018056 1.04690875784441 1.04678972786998 1.11216980697556 1.01017926875687 1.13758030569082 1.09786036014496 1.06518886946336 0.95336471218798 0.921137200835128 0.951288217650826 1.05837279884609 1.08575742779816 1.05605745021513 0.948785840289208 0.87378605331213 0.947116095908457 0.946031327704619 0.909104539699823 1.05015774062208 1.07019987881811 1.0926896060211 0.946218032610743 0.9067417970734 0.774687815707019 0 1.12815047938226 0.99977119265684 1.01013947998431 0.97574785313226 1.06814387925306 1.06270179044964 0.957041974724366 1.06914866414592 1.07870677419742 1.03198717458088 0.866928207121983 1.06240127068144 0.991467008479284 1.00946240748209
"Nazaruk_KniazYaroslavOsmomysl" 0.776985460046932 0.994308772726348 1.0182238263896 0.776571646093111 0.72477777184539 0.697399593406238 0.993382343251651 0.937575978242189 0.932287668071762 0.809783747400568 0.857713044857771 0.850118401786938 0.881883022889401 0.824005304305512 0.896582264671345 0.949567037186796 0.819213649100272 1.06222401110399 1.15220856596911 0.894567966494849 0.826813379854964 0.879983566111889 0.995420247634858 0.958522970043704 1.16732373017085 1.02883200879116 1.02104650852829 1.12289570866131 0.871001502830882 0.981411306864029 0.800845769595271 0.812143139594389 1.04814242135638 0.950520300915462 1.12815047938226 0 0.933281412992053 1.04616236522488 0.914325867656342 1.13250700425793 1.0548105619694 0.920537330166612 1.04262523415318 0.933091635440914 1.04193246524347 1.10350274924616 1.21301438629841 1.16215000337752 0.990288861248764
"Pchilka_Tovaryshky" 0.848328198545499 0.957086329430723 1.04523743435388 0.943261705392629 0.808360180654995 0.923915746566599 0.96219283673315 0.888843125277129 0.897343051578165 0.922129917066595 0.959403792470383 0.921670268546971 1.00510659681982 0.833668008331246 0.885784842906164 0.978931864989741 0.902204035652548 0.977589464996794 1.05628504243854 0.78854605301484 0.831090516987858 0.969452720161734 0.90642803203044 0.87290795828298 1.0559577620668 0.966062518881677 0.962455982496549 1.03053726576051 0.920880102791899 0.973816967390821 0.871002919908778 0.845199966218244 0.943326919545986 0.87961821110794 0.99977119265684 0.933281412992053 0 0.887610699947971 0.913408992291202 1.00702086415911 0.782577532716194 0.744435257790066 0.76426915361456 1.03073675656176 0.936199193673119 0.915874783169127 1.13094246133052 1.03129132569833 0.83798632426262
"Romanova_Akula" 0.933952309332247 1.00659150611159 1.1560404548619 1.05023076273757 0.969146246105812 1.06274005170069 1.0309321375298 0.943168512745569 0.979072764151795 0.963450098762761 1.0583959106803 1.00432747522296 1.08587991374582 0.946727067007355 0.961626232744953 1.0828217268313 1.01204940542501 0.986794247117897 1.07025536677222 0.865810246413805 0.987774557725322 1.00659242042718 0.928683400589794 0.968295151312031 0.996865332784895 0.997380122235673 1.01343723883372 0.98585945041139 0.98967325141879 1.09516248115023 1.00936199633222 0.947986262443143 0.967562568626952 0.951560658669058 1.01013947998431 1.04616236522488 0.887610699947971 0 0.971997212138854 1.06967835610819 0.867816856552084 0.90906592622853 0.926604009021536 1.04429226258714 1.03047214547979 0.985237902799776 1.16525372268565 1.03317793249148 0.929057423907957
"Storozhenko_MarkoProkliatyi" 0.847124987735541 0.913941619719428 0.998339730019331 0.98725985789803 0.931774200422842 0.867779442595615 0.918472116450512 0.852245438950157 0.879999788055799 1.00043395547929 0.832726136625549 0.822322886975445 0.885017737102411 0.896320127110732 1.03996986739602 1.00613978855509 0.966392748050461 0.885927774599424 0.948584101445306 0.81045527549059 0.901531315135493 0.917081840614874 0.96434196722468 0.720505235802953 0.905831425051397 0.84126781848793 0.868752172163985 0.889050216677303 0.828142552809697 1.07949384317006 0.982031010372413 0.682765248365128 0.842194268787654 0.748469617049247 0.97574785313226 0.914325867656342 0.913408992291202 0.971997212138854 0 1.05641520814539 1.0170900808271 0.907983751325441 1.04361359054979 0.900991841205479 0.9452494490303 0.871683863820494 1.05483946420215 0.967145688938728 1.02014645143894
"Teslenko_StracheneZhyttie" 1.11411935949061 1.07386323084738 1.17137685941748 1.17429690696718 1.13673253688138 1.17026899399401 1.11763847162878 1.00434808594909 0.993919900096948 1.17645426365887 1.08774508904644 1.10729049027803 1.12488350784247 1.08167310892784 1.19436582885975 1.21305553874095 1.15515131586841 1.05332949952784 1.05894010070702 0.98874832864606 1.08126781803672 1.08107886187758 1.04995726374857 0.992287754194575 1.03958957595674 0.7679496586002 0.963031945670352 1.02753159733902 0.864363841209996 1.0983632203014 1.12341347819462 0.993177783004458 0.991734782970309 0.991813742240026 1.06814387925306 1.13250700425793 1.00702086415911 1.06967835610819 1.05641520814539 0 1.10469414612621 1.02359352433724 1.12236769002389 1.14547834796935 1.09888360940698 1.00366855212956 1.12753309889468 1.1304432479283 1.0566760201651
"Ukrainka_NadMorem" 0.957096750499196 1.05640866619974 1.14789287735897 1.03111080547042 0.936818970121245 1.02149397865391 1.03160673662399 1.03011509754949 1.01463252584985 0.967119968617157 1.04235725416747 1.01750997114835 1.06809034360133 0.959420021477511 0.98371550739826 1.13192969452212 1.03316400573793 1.04555423362198 1.11728378039936 0.953971743933193 0.907010724122502 1.00039271818717 0.958830597047154 1.0124872191105 1.08194876578671 1.00757172311709 1.05900636147108 1.07421174178502 0.984281085359937 1.11814222925516 1.01657912817492 0.974825515802356 1.0141513158235 1.02794889082632 1.06270179044964 1.0548105619694 0.782577532716194 0.867816856552084 1.0170900808271 1.10469414612621 0 0.809592639359093 0.785981689991664 1.10978862272545 1.01179790122517 1.02690385318612 1.21307828113946 1.11152705010209 0.896192745050141
"Ukrainka_Pryiazn" 0.849804828572881 0.982692409571355 1.02028104985296 0.919692718503271 0.85489946269384 0.925029294850804 0.947107371889237 0.853920941376744 0.8335528555948 0.904789439572076 0.914873182797306 0.863614106807987 0.974193430570725 0.786124812142157 0.888345606789955 0.927236594204421 0.836925683730627 0.941088700705834 1.00256257652031 0.865693901441235 0.874828613164457 0.932644091750939 0.853585451493335 0.926504881206154 1.00833345207584 0.899847564693521 0.947926623298775 0.936576972032522 0.878487137785106 0.885961221289856 0.794002983933478 0.872922802474234 0.93249364641984 0.86354447109545 0.957041974724366 0.920537330166612 0.744435257790066 0.90906592622853 0.907983751325441 1.02359352433724 0.809592639359093 0 0.780603493693965 1.02305742806428 0.917542431461647 0.90722519551797 1.08044364929945 1.00072611429652 0.851170619800468
"Ukrainka_Zhal" 0.956183037693984 1.06961111817977 1.15626707968399 1.05039361996202 0.911054880935587 1.06406089581746 1.05529565624937 0.972633092141413 0.973107679064348 0.977288811239291 1.07710237742425 1.04123404637397 1.13538575110126 0.941489321900567 0.927298151228171 1.09455260124361 1.00482574463506 1.02741769145104 1.1060900798232 0.927808192850828 0.887546475112555 1.08247159468584 0.959654566495342 1.02194499683428 1.10938851955479 1.05862224435379 1.0429089090883 1.03714233542337 1.05310318702916 1.0378177787708 0.948448422792942 0.997682302782536 1.02637634289635 1.03170439750235 1.06914866414592 1.04262523415318 0.76426915361456 0.926604009021536 1.04361359054979 1.12236769002389 0.785981689991664 0.780603493693965 0 1.16513916880096 1.05920418264195 1.00170006133354 1.18908651516779 1.0971741116628 0.901999579510551
"Vorobkevych_MestChornohortsia" 0.907141526499872 1.0357942078227 1.01217800735013 0.969903912319751 0.989922923566235 0.930234280575525 1.08854159321078 1.02942362645872 1.04556435387331 1.03483283267303 0.999594810105175 0.974239277242194 1.02199918547578 0.921198966684404 1.08208687901707 1.05592236890329 0.979353565366567 1.05443110095818 1.08400191200381 0.961936015661879 1.02747730982914 0.993365958599693 1.0503686901297 0.880864019228399 1.04138639776971 0.995261402684601 1.02487166718498 1.0686355402585 0.946933574918704 1.11331415661863 1.07124978122486 0.822001890992322 1.05608597763728 0.936752594679965 1.07870677419742 0.933091635440914 1.03073675656176 1.04429226258714 0.900991841205479 1.14547834796935 1.10978862272545 1.02305742806428 1.16513916880096 0 1.07539506778786 0.997940408590405 1.10497829024996 1.09600739629051 1.10625278022829
